0 0.5066666666666667 0.5216666666666666 0.11333333333333333 0.11
0 0.715 0.5183333333333333 0.09666666666666666 0.12333333333333334
0 0.5066666666666667 0.04666666666666667 0.10666666666666667 0.09333333333333334
0 0.9366666666666666 0.04666666666666667 0.1 0.09333333333333334
0 0.72 0.97 0.10666666666666667 0.05333333333333334
0 0.49 0.97 0.1 0.05333333333333334
1 0.8416666666666667 0.7683333333333333 0.08333333333333333 0.10333333333333333
5 0.9366666666666666 0.5216666666666666 0.09333333333333334 0.10333333333333333
1 0.845 0.2866666666666667 0.09 0.10666666666666667
1 0.72 0.041666666666666664 0.09333333333333334 0.08333333333333333
