1 0.6633333333333333 0.13833333333333334 0.1 0.09666666666666666
1 0.8816666666666667 0.09166666666666666 0.09666666666666666 0.09666666666666666
1 0.8366666666666667 0.39 0.10666666666666667 0.1
1 0.42 0.02 0.11333333333333333 0.04
1 0.615 0.5183333333333333 0.09666666666666666 0.09666666666666666
1 0.82 0.6916666666666667 0.11333333333333333 0.11
1 0.9466666666666667 0.875 0.1 0.10333333333333333
1 0.03333333333333333 0.3233333333333333 0.06666666666666667 0.11333333333333333
1 0.04 0.66 0.08 0.1
1 0.32166666666666666 0.7433333333333333 0.10333333333333333 0.11333333333333333
1 0.42333333333333334 0.9633333333333334 0.1 0.06666666666666667
1 0.056666666666666664 0.975 0.09333333333333334 0.03666666666666667
