1 0.6283333333333333 0.5183333333333333 0.09666666666666666 0.09666666666666666
1 0.8366666666666667 0.515 0.09333333333333334 0.09666666666666666
3 0.8833333333333333 0.7183333333333334 0.09333333333333334 0.10333333333333333
1 0.6716666666666666 0.7283333333333334 0.09666666666666666 0.09666666666666666
1 0.45666666666666667 0.7233333333333334 0.10666666666666667 0.09333333333333334
1 0.21 0.705 0.1 0.09
1 0.24 0.9266666666666666 0.09333333333333334 0.09333333333333334
1 0.03833333333333333 0.9333333333333333 0.07 0.1
1 0.4533333333333333 0.93 0.09333333333333334 0.1
1 0.6583333333333333 0.9316666666666666 0.09666666666666666 0.09666666666666666
1 0.88 0.935 0.09333333333333334 0.09
