1 0.5183333333333333 0.5283333333333333 0.09666666666666666 0.09
1 0.73 0.52 0.09333333333333334 0.09333333333333334
1 0.945 0.53 0.09 0.1
1 0.9466666666666667 0.7383333333333333 0.09333333333333334 0.10333333333333333
1 0.725 0.7333333333333333 0.09666666666666666 0.1
1 0.7516666666666667 0.9433333333333334 0.10333333333333333 0.09333333333333334
1 0.5133333333333333 0.7433333333333333 0.1 0.09333333333333334
1 0.5283333333333333 0.31166666666666665 0.09 0.09
1 0.7416666666666667 0.31666666666666665 0.09666666666666666 0.09333333333333334
1 0.95 0.32 0.09333333333333334 0.1
1 0.7466666666666667 0.11 0.09333333333333334 0.09333333333333334
1 0.9533333333333334 0.11 0.08666666666666667 0.1
1 0.5033333333333333 0.095 0.09333333333333334 0.10333333333333333
1 0.31666666666666665 0.31666666666666665 0.08666666666666667 0.10666666666666667
1 0.30833333333333335 0.5416666666666666 0.09666666666666666 0.10333333333333333
3 0.5383333333333333 0.9483333333333334 0.10333333333333333 0.09666666666666666
