3 0.5066666666666667 0.5083333333333333 0.1 0.10333333333333333
1 0.4766666666666667 0.29 0.1 0.10666666666666667
1 0.6966666666666667 0.29833333333333334 0.11333333333333333 0.11
1 0.9083333333333333 0.29333333333333333 0.10333333333333333 0.1
1 0.92 0.09 0.09333333333333334 0.1
1 0.7 0.09333333333333334 0.1 0.1
1 0.48 0.08833333333333333 0.1 0.09666666666666666
1 0.26166666666666666 0.3 0.09666666666666666 0.10666666666666667
1 0.2733333333333333 0.09333333333333334 0.1 0.10666666666666667
1 0.29 0.5083333333333333 0.10666666666666667 0.11
1 0.06 0.09666666666666666 0.1 0.12
