4 0.505 0.5016666666666667 0.11 0.12333333333333334
1 0.76 0.5233333333333333 0.10666666666666667 0.10666666666666667
1 0.9583333333333334 0.5333333333333333 0.07 0.10666666666666667
1 0.9183333333333333 0.3283333333333333 0.10333333333333333 0.10333333333333333
1 0.7416666666666667 0.7366666666666667 0.10333333333333333 0.1
1 0.7383333333333333 0.9433333333333334 0.11 0.1
1 0.5216666666666666 0.9483333333333334 0.10333333333333333 0.09666666666666666
1 0.32 0.74 0.10666666666666667 0.11333333333333333
1 0.31833333333333336 0.9483333333333334 0.11 0.09666666666666666
4 0.5233333333333333 0.7283333333333334 0.10666666666666667 0.11
1 0.9433333333333334 0.9466666666666667 0.1 0.1
1 0.945 0.7433333333333333 0.09666666666666666 0.10666666666666667
