1 0.475 0.3016666666666667 0.10333333333333333 0.09666666666666666
1 0.26166666666666666 0.31 0.09666666666666666 0.1
1 0.42833333333333334 0.09333333333333334 0.10333333333333333 0.10666666666666667
1 0.21166666666666667 0.09666666666666666 0.10333333333333333 0.1
1 0.05 0.30333333333333334 0.09333333333333334 0.1
1 0.255 0.5166666666666667 0.10333333333333333 0.1
1 0.4683333333333333 0.7283333333333334 0.10333333333333333 0.10333333333333333
1 0.455 0.9333333333333333 0.10333333333333333 0.1
1 0.24666666666666667 0.7283333333333334 0.1 0.09666666666666666
1 0.24333333333333335 0.9366666666666666 0.1 0.1
1 0.043333333333333335 0.515 0.08666666666666667 0.09666666666666666
1 0.043333333333333335 0.7216666666666667 0.08 0.11
1 0.04 0.9316666666666666 0.08 0.10333333333333333
0 0.4666666666666667 0.5116666666666667 0.1 0.11666666666666667
