1 0.62 0.515 0.1 0.10333333333333333
1 0.8333333333333334 0.51 0.10666666666666667 0.10666666666666667
1 0.8816666666666667 0.715 0.10333333333333333 0.10333333333333333
1 0.8716666666666667 0.9316666666666666 0.10333333333333333 0.10333333333333333
1 0.67 0.725 0.10666666666666667 0.10333333333333333
1 0.6566666666666666 0.93 0.1 0.1
1 0.45 0.7183333333333334 0.11333333333333333 0.10333333333333333
1 0.44333333333333336 0.925 0.10666666666666667 0.10333333333333333
1 0.205 0.7016666666666667 0.10333333333333333 0.11
1 0.22833333333333333 0.9216666666666666 0.10333333333333333 0.10333333333333333
1 0.03833333333333333 0.9283333333333333 0.07 0.10333333333333333
