1 0.5216666666666666 0.525 0.09666666666666666 0.10333333333333333
1 0.7283333333333334 0.52 0.10333333333333333 0.1
1 0.945 0.5283333333333333 0.09666666666666666 0.09666666666666666
1 0.9466666666666667 0.31833333333333336 0.09333333333333334 0.10333333333333333
1 0.9516666666666667 0.11 0.09 0.11333333333333333
1 0.7466666666666667 0.105 0.1 0.10333333333333333
1 0.7383333333333333 0.315 0.10333333333333333 0.10333333333333333
1 0.52 0.31 0.10666666666666667 0.10666666666666667
1 0.49666666666666665 0.09 0.1 0.11333333333333333
1 0.315 0.31333333333333335 0.11 0.10666666666666667
1 0.30833333333333335 0.5333333333333333 0.11 0.1
1 0.505 0.7333333333333333 0.11 0.1
1 0.7283333333333334 0.73 0.10333333333333333 0.11333333333333333
1 0.94 0.7383333333333333 0.1 0.10333333333333333
1 0.7516666666666667 0.9316666666666666 0.11 0.10333333333333333
1 0.53 0.935 0.10666666666666667 0.10333333333333333
