4 0.505 0.505 0.09666666666666666 0.10333333333333333
4 0.515 0.295 0.09666666666666666 0.10333333333333333
4 0.08 0.5166666666666667 0.1 0.1
1 0.3016666666666667 0.2916666666666667 0.09666666666666666 0.09666666666666666
1 0.085 0.30333333333333334 0.10333333333333333 0.09333333333333334
1 0.7166666666666667 0.5 0.09333333333333334 0.10666666666666667
1 0.9383333333333334 0.5033333333333333 0.09 0.10666666666666667
1 0.9383333333333334 0.3 0.10333333333333333 0.08666666666666667
1 0.72 0.2966666666666667 0.09333333333333334 0.1
1 0.9333333333333333 0.7133333333333334 0.1 0.1
1 0.71 0.7183333333333334 0.1 0.08333333333333333
1 0.49666666666666665 0.7133333333333334 0.10666666666666667 0.09333333333333334
1 0.5233333333333333 0.925 0.09333333333333334 0.09666666666666666
1 0.30666666666666664 0.9233333333333333 0.09333333333333334 0.1
1 0.285 0.715 0.09666666666666666 0.09666666666666666
1 0.29333333333333333 0.51 0.1 0.10666666666666667
1 0.27166666666666667 0.06666666666666667 0.09666666666666666 0.10666666666666667
1 0.525 0.08833333333333333 0.09666666666666666 0.10333333333333333
1 0.73 0.09 0.1 0.1
1 0.9416666666666667 0.085 0.09 0.10333333333333333
