1 0.9116666666666666 0.32 0.10333333333333333 0.10666666666666667
1 0.755 0.5166666666666667 0.11 0.10666666666666667
1 0.9466666666666667 0.94 0.09333333333333334 0.1
1 0.73 0.93 0.10666666666666667 0.1
1 0.7416666666666667 0.725 0.09666666666666666 0.10333333333333333
1 0.9483333333333334 0.73 0.09 0.1
1 0.5216666666666666 0.7233333333333334 0.09666666666666666 0.10666666666666667
1 0.5216666666666666 0.9383333333333334 0.09666666666666666 0.09666666666666666
1 0.31666666666666665 0.73 0.1 0.1
1 0.31 0.9466666666666667 0.1 0.09333333333333334
4 0.9566666666666667 0.52 0.08 0.1
4 0.5033333333333333 0.5 0.10666666666666667 0.10666666666666667
