3 0.5033333333333333 0.5016666666666667 0.10666666666666667 0.11
1 0.7233333333333334 0.495 0.10666666666666667 0.10333333333333333
1 0.9166666666666666 0.715 0.1 0.11
1 0.9333333333333333 0.49166666666666664 0.09333333333333334 0.10333333333333333
1 0.94 0.29333333333333333 0.10666666666666667 0.10666666666666667
1 0.6983333333333334 0.27166666666666667 0.10333333333333333 0.11
1 0.715 0.7083333333333334 0.09666666666666666 0.10333333333333333
1 0.915 0.9133333333333333 0.10333333333333333 0.10666666666666667
1 0.7016666666666667 0.92 0.10333333333333333 0.10666666666666667
1 0.5 0.7216666666666667 0.10666666666666667 0.10333333333333333
