4 0.5 0.5016666666666667 0.1 0.09666666666666666
4 0.9333333333333333 0.7183333333333334 0.09333333333333334 0.10333333333333333
1 0.715 0.505 0.10333333333333333 0.09666666666666666
1 0.93 0.5083333333333333 0.1 0.09666666666666666
1 0.94 0.2916666666666667 0.09333333333333334 0.09
1 0.8916666666666667 0.08333333333333333 0.09666666666666666 0.1
1 0.685 0.09166666666666666 0.09666666666666666 0.09666666666666666
1 0.73 0.2966666666666667 0.1 0.09333333333333334
1 0.515 0.29833333333333334 0.09 0.09666666666666666
1 0.2633333333333333 0.27666666666666667 0.09333333333333334 0.09333333333333334
1 0.2866666666666667 0.505 0.1 0.09666666666666666
1 0.2866666666666667 0.7233333333333334 0.1 0.1
1 0.49166666666666664 0.7166666666666667 0.09666666666666666 0.1
1 0.7133333333333334 0.71 0.09333333333333334 0.1
1 0.085 0.5066666666666667 0.09666666666666666 0.1
1 0.075 0.7216666666666667 0.10333333333333333 0.09666666666666666
1 0.4866666666666667 0.925 0.09333333333333334 0.09666666666666666
1 0.7183333333333334 0.9233333333333333 0.09666666666666666 0.1
1 0.9166666666666666 0.9233333333333333 0.09333333333333334 0.1
1 0.27 0.9283333333333333 0.1 0.09666666666666666
