1 0.505 0.2916666666666667 0.09666666666666666 0.09666666666666666
1 0.7166666666666667 0.29833333333333334 0.1 0.09666666666666666
1 0.9333333333333333 0.29833333333333334 0.1 0.10333333333333333
1 0.9366666666666666 0.08 0.09333333333333334 0.1
1 0.73 0.08 0.1 0.1
1 0.515 0.08333333333333333 0.09666666666666666 0.1
1 0.7116666666666667 0.5066666666666667 0.09666666666666666 0.10666666666666667
1 0.9316666666666666 0.505 0.09666666666666666 0.10333333333333333
1 0.285 0.5066666666666667 0.10333333333333333 0.1
1 0.2916666666666667 0.29333333333333333 0.10333333333333333 0.10666666666666667
1 0.26666666666666666 0.06666666666666667 0.10666666666666667 0.1
1 0.07666666666666666 0.3 0.1 0.1
1 0.2816666666666667 0.7166666666666667 0.09666666666666666 0.10666666666666667
1 0.7083333333333334 0.7133333333333334 0.09666666666666666 0.1
1 0.925 0.715 0.10333333333333333 0.11
1 0.515 0.9216666666666666 0.11 0.11
1 0.305 0.915 0.10333333333333333 0.10333333333333333
1 0.07166666666666667 0.5233333333333333 0.10333333333333333 0.10666666666666667
4 0.505 0.5016666666666667 0.10333333333333333 0.11
1 0.4866666666666667 0.715 0.1 0.10333333333333333
