1 0.5116666666666667 0.2866666666666667 0.09666666666666666 0.09333333333333334
1 0.7183333333333334 0.275 0.09666666666666666 0.10333333333333333
1 0.9383333333333334 0.28 0.09666666666666666 0.10666666666666667
1 0.94 0.07 0.09333333333333334 0.09333333333333334
1 0.7 0.06 0.09333333333333334 0.09333333333333334
1 0.7233333333333334 0.495 0.08666666666666667 0.09666666666666666
1 0.9216666666666666 0.485 0.09666666666666666 0.09
1 0.9283333333333333 0.695 0.09666666666666666 0.10333333333333333
1 0.95 0.9083333333333333 0.09333333333333334 0.10333333333333333
1 0.73 0.91 0.1 0.09333333333333334
1 0.705 0.695 0.09666666666666666 0.09666666666666666
4 0.5066666666666667 0.505 0.1 0.11
