1 0.2833333333333333 0.7166666666666667 0.1 0.09333333333333334
1 0.49833333333333335 0.7166666666666667 0.09666666666666666 0.09333333333333334
1 0.72 0.7183333333333334 0.09333333333333334 0.10333333333333333
1 0.93 0.7216666666666667 0.1 0.09666666666666666
1 0.5316666666666666 0.92 0.10333333333333333 0.1
1 0.2966666666666667 0.28833333333333333 0.09333333333333334 0.09
1 0.515 0.295 0.09666666666666666 0.09666666666666666
1 0.72 0.3016666666666667 0.09333333333333334 0.09666666666666666
1 0.9416666666666667 0.30333333333333334 0.08333333333333333 0.1
1 0.9416666666666667 0.5133333333333333 0.09 0.1
1 0.7216666666666667 0.5066666666666667 0.09666666666666666 0.1
4 0.5083333333333333 0.5 0.09666666666666666 0.1
1 0.2916666666666667 0.5083333333333333 0.09666666666666666 0.09666666666666666
1 0.305 0.9216666666666666 0.10333333333333333 0.09666666666666666
1 0.08 0.515 0.1 0.09666666666666666
1 0.09 0.305 0.1 0.10333333333333333
1 0.28 0.07166666666666667 0.09333333333333334 0.09666666666666666
1 0.5216666666666666 0.09166666666666666 0.09 0.09666666666666666
1 0.735 0.09166666666666666 0.09666666666666666 0.09666666666666666
4 0.945 0.09 0.09 0.1
