1 0.51 0.295 0.1 0.10333333333333333
1 0.725 0.3 0.10333333333333333 0.10666666666666667
1 0.9366666666666666 0.28833333333333333 0.1 0.11
1 0.6766666666666666 0.09 0.10666666666666667 0.1
1 0.89 0.08166666666666667 0.10666666666666667 0.10333333333333333
1 0.7166666666666667 0.51 0.10666666666666667 0.10666666666666667
1 0.935 0.5066666666666667 0.10333333333333333 0.10666666666666667
1 0.9333333333333333 0.7183333333333334 0.1 0.10333333333333333
1 0.9183333333333333 0.9283333333333333 0.10333333333333333 0.10333333333333333
1 0.285 0.7216666666666667 0.10333333333333333 0.11
1 0.49 0.7216666666666667 0.1 0.10333333333333333
1 0.7083333333333334 0.72 0.10333333333333333 0.1
1 0.705 0.9283333333333333 0.10333333333333333 0.10333333333333333
1 0.485 0.9266666666666666 0.11 0.10666666666666667
1 0.075 0.7283333333333334 0.11 0.11
1 0.27666666666666667 0.925 0.11333333333333333 0.11
1 0.285 0.505 0.10333333333333333 0.10333333333333333
1 0.5016666666666667 0.5016666666666667 0.10333333333333333 0.10333333333333333
1 0.26 0.2783333333333333 0.10666666666666667 0.10333333333333333
1 0.07666666666666666 0.505 0.10666666666666667 0.10333333333333333
