1 0.5066666666666667 0.29333333333333333 0.1 0.10666666666666667
1 0.7183333333333334 0.29333333333333333 0.10333333333333333 0.1
1 0.9333333333333333 0.2916666666666667 0.09333333333333334 0.11
1 0.8833333333333333 0.08833333333333333 0.1 0.10333333333333333
1 0.67 0.09333333333333334 0.10666666666666667 0.10666666666666667
1 0.71 0.505 0.10666666666666667 0.10333333333333333
1 0.7016666666666667 0.925 0.09666666666666666 0.10333333333333333
1 0.915 0.9216666666666666 0.09666666666666666 0.10333333333333333
1 0.285 0.495 0.10333333333333333 0.11
1 0.25833333333333336 0.27666666666666667 0.09666666666666666 0.11333333333333333
1 0.07333333333333333 0.5083333333333333 0.1 0.10333333333333333
1 0.06333333333333334 0.7233333333333334 0.1 0.10666666666666667
1 0.285 0.715 0.11 0.11
1 0.49 0.7133333333333334 0.1 0.1
1 0.7016666666666667 0.715 0.09666666666666666 0.11
1 0.9266666666666666 0.7183333333333334 0.09333333333333334 0.10333333333333333
1 0.9266666666666666 0.5116666666666667 0.09333333333333334 0.11
1 0.4816666666666667 0.92 0.09666666666666666 0.1
1 0.27166666666666667 0.92 0.10333333333333333 0.1
3 0.5033333333333333 0.5 0.10666666666666667 0.1
