1 0.5016666666666667 0.28833333333333333 0.11 0.10333333333333333
1 0.715 0.2833333333333333 0.09666666666666666 0.10666666666666667
1 0.9266666666666666 0.28 0.1 0.11333333333333333
1 0.9316666666666666 0.06833333333333333 0.10333333333333333 0.10333333333333333
1 0.6866666666666666 0.06333333333333334 0.11333333333333333 0.10666666666666667
1 0.7083333333333334 0.49 0.11 0.10666666666666667
1 0.9183333333333333 0.48833333333333334 0.10333333333333333 0.11
1 0.9016666666666666 0.6966666666666667 0.09666666666666666 0.1
1 0.6933333333333334 0.6983333333333334 0.1 0.11
1 0.7283333333333334 0.905 0.10333333333333333 0.11666666666666667
1 0.9383333333333334 0.9083333333333333 0.10333333333333333 0.11
4 0.5033333333333333 0.5016666666666667 0.10666666666666667 0.11
