1 0.45666666666666667 0.2966666666666667 0.10666666666666667 0.1
1 0.24166666666666667 0.29833333333333334 0.11 0.11
1 0.2916666666666667 0.5033333333333333 0.11 0.10666666666666667
1 0.27666666666666667 0.7133333333333334 0.09333333333333334 0.11333333333333333
1 0.49666666666666665 0.7166666666666667 0.09333333333333334 0.10666666666666667
1 0.49666666666666665 0.9216666666666666 0.1 0.10333333333333333
1 0.06666666666666667 0.7133333333333334 0.09333333333333334 0.1
1 0.07666666666666666 0.49833333333333335 0.09333333333333334 0.10333333333333333
3 0.5033333333333333 0.5016666666666667 0.1 0.10333333333333333
1 0.2783333333333333 0.9233333333333333 0.10333333333333333 0.1
1 0.065 0.92 0.09666666666666666 0.10666666666666667
