1 0.45 0.295 0.1 0.10333333333333333
1 0.6666666666666666 0.28833333333333333 0.1 0.10333333333333333
1 0.4866666666666667 0.7166666666666667 0.09333333333333334 0.1
1 0.715 0.7133333333333334 0.09666666666666666 0.1
1 0.7083333333333334 0.9216666666666666 0.10333333333333333 0.09666666666666666
1 0.48333333333333334 0.9266666666666666 0.1 0.1
1 0.2816666666666667 0.715 0.10333333333333333 0.09666666666666666
1 0.27166666666666667 0.9166666666666666 0.09666666666666666 0.1
1 0.06666666666666667 0.7016666666666667 0.09333333333333334 0.09
1 0.29 0.495 0.10666666666666667 0.11
1 0.045 0.4866666666666667 0.09 0.10666666666666667
1 0.065 0.9216666666666666 0.09666666666666666 0.09666666666666666
3 0.505 0.505 0.10333333333333333 0.11
4 0.7183333333333334 0.5016666666666667 0.10333333333333333 0.09666666666666666
