1 0.46 0.29833333333333334 0.10666666666666667 0.11
1 0.24166666666666667 0.3016666666666667 0.10333333333333333 0.10333333333333333
1 0.29333333333333333 0.5133333333333333 0.10666666666666667 0.10666666666666667
1 0.28 0.72 0.1 0.1
1 0.07166666666666667 0.71 0.09666666666666666 0.1
1 0.06 0.9283333333333333 0.1 0.10333333333333333
1 0.27666666666666667 0.9316666666666666 0.1 0.10333333333333333
1 0.505 0.9283333333333333 0.10333333333333333 0.10333333333333333
4 0.07833333333333334 0.5083333333333333 0.10333333333333333 0.10333333333333333
4 0.5116666666666667 0.5016666666666667 0.11 0.09666666666666666
3 0.5033333333333333 0.7216666666666667 0.11333333333333333 0.10333333333333333
