1 0.505 0.5016666666666667 0.11 0.10333333333333333
1 0.7516666666666667 0.5166666666666667 0.09666666666666666 0.11333333333333333
1 0.9583333333333334 0.5166666666666667 0.07666666666666666 0.09333333333333334
1 0.9166666666666666 0.31 0.1 0.1
1 0.9516666666666667 0.7266666666666667 0.08333333333333333 0.09333333333333334
1 0.9483333333333334 0.94 0.09666666666666666 0.1
1 0.745 0.7233333333333334 0.10333333333333333 0.10666666666666667
1 0.7333333333333333 0.935 0.1 0.09666666666666666
1 0.5216666666666666 0.7166666666666667 0.10333333333333333 0.1
1 0.5266666666666666 0.9383333333333334 0.1 0.10333333333333333
1 0.305 0.9466666666666667 0.10333333333333333 0.1
1 0.315 0.735 0.10333333333333333 0.10333333333333333
