1 0.7183333333333334 0.49166666666666664 0.11 0.11
1 0.9316666666666666 0.4816666666666667 0.10333333333333333 0.09666666666666666
1 0.9216666666666666 0.6916666666666667 0.10333333333333333 0.11
1 0.945 0.9 0.09666666666666666 0.11333333333333333
1 0.7283333333333334 0.8983333333333333 0.11 0.10333333333333333
1 0.7083333333333334 0.6966666666666667 0.10333333333333333 0.1
1 0.7216666666666667 0.27166666666666667 0.09666666666666666 0.11
1 0.94 0.2733333333333333 0.1 0.11333333333333333
1 0.6983333333333334 0.06166666666666667 0.11 0.11
1 0.9416666666666667 0.065 0.09666666666666666 0.11
1 0.505 0.28833333333333333 0.09666666666666666 0.10333333333333333
3 0.5016666666666667 0.5016666666666667 0.11 0.11
