1 0.345 0.7066666666666667 0.10333333333333333 0.11333333333333333
1 0.5583333333333333 0.7116666666666667 0.10333333333333333 0.10333333333333333
1 0.7666666666666667 0.71 0.1 0.10666666666666667
1 0.7216666666666667 0.5 0.10333333333333333 0.10666666666666667
1 0.7633333333333333 0.92 0.09333333333333334 0.09333333333333334
1 0.5466666666666666 0.9133333333333333 0.1 0.11333333333333333
1 0.3283333333333333 0.9116666666666666 0.09666666666666666 0.10333333333333333
1 0.11333333333333333 0.9116666666666666 0.10666666666666667 0.10333333333333333
1 0.09333333333333334 0.685 0.10666666666666667 0.10333333333333333
3 0.505 0.5016666666666667 0.10333333333333333 0.10333333333333333
