1 0.29 0.49666666666666665 0.1 0.1
1 0.515 0.295 0.10333333333333333 0.09666666666666666
1 0.7266666666666667 0.28 0.1 0.1
1 0.7183333333333334 0.5016666666666667 0.09666666666666666 0.09666666666666666
1 0.47 0.09333333333333334 0.10666666666666667 0.10666666666666667
1 0.6783333333333333 0.08166666666666667 0.09666666666666666 0.11
1 0.30666666666666664 0.2916666666666667 0.10666666666666667 0.11
1 0.055 0.27666666666666667 0.09 0.10666666666666667
1 0.07666666666666666 0.49 0.1 0.1
1 0.07333333333333333 0.71 0.1 0.10666666666666667
1 0.06166666666666667 0.915 0.10333333333333333 0.11
1 0.285 0.71 0.09666666666666666 0.1
1 0.7216666666666667 0.71 0.09 0.10666666666666667
1 0.7066666666666667 0.9133333333333333 0.09333333333333334 0.10666666666666667
1 0.2833333333333333 0.9116666666666666 0.10666666666666667 0.11
1 0.495 0.915 0.11666666666666667 0.09666666666666666
3 0.5066666666666667 0.5 0.1 0.1
3 0.5 0.7083333333333334 0.1 0.11
