1 0.505 0.28833333333333333 0.10333333333333333 0.11
1 0.2833333333333333 0.5033333333333333 0.10666666666666667 0.09333333333333334
1 0.505 0.07333333333333333 0.09666666666666666 0.1
1 0.29833333333333334 0.08166666666666667 0.09666666666666666 0.09666666666666666
1 0.09166666666666666 0.08166666666666667 0.11 0.10333333333333333
1 0.075 0.275 0.09666666666666666 0.10333333333333333
1 0.28 0.2916666666666667 0.09333333333333334 0.10333333333333333
1 0.065 0.49666666666666665 0.09666666666666666 0.1
1 0.056666666666666664 0.7 0.09333333333333334 0.1
1 0.08166666666666667 0.9133333333333333 0.11 0.1
3 0.2783333333333333 0.7116666666666667 0.11 0.09666666666666666
1 0.4866666666666667 0.71 0.10666666666666667 0.10666666666666667
4 0.505 0.51 0.10333333333333333 0.10666666666666667
