1 0.28833333333333333 0.495 0.10333333333333333 0.10333333333333333
1 0.08333333333333333 0.07666666666666666 0.10666666666666667 0.1
1 0.3016666666666667 0.075 0.09666666666666666 0.10333333333333333
1 0.5083333333333333 0.08333333333333333 0.09 0.10666666666666667
1 0.7316666666666667 0.08166666666666667 0.09666666666666666 0.10333333333333333
1 0.5 0.2966666666666667 0.09333333333333334 0.1
1 0.7116666666666667 0.49833333333333335 0.09666666666666666 0.11
1 0.2866666666666667 0.29 0.09333333333333334 0.1
1 0.07 0.5016666666666667 0.1 0.10333333333333333
1 0.09166666666666666 0.71 0.11 0.10666666666666667
1 0.305 0.6983333333333334 0.10333333333333333 0.11666666666666667
3 0.5033333333333333 0.49666666666666665 0.10666666666666667 0.11333333333333333
4 0.725 0.29333333333333333 0.09666666666666666 0.12
4 0.085 0.2966666666666667 0.10333333333333333 0.11333333333333333
