3 0.32666666666666666 0.22833333333333333 0.1 0.10333333333333333
1 0.5466666666666666 0.21833333333333332 0.1 0.10333333333333333
1 0.37666666666666665 0.435 0.1 0.10333333333333333
1 0.5883333333333334 0.43166666666666664 0.09 0.10333333333333333
1 0.5766666666666667 0.6383333333333333 0.10666666666666667 0.10333333333333333
1 0.5833333333333334 0.8516666666666667 0.09333333333333334 0.10333333333333333
1 0.365 0.8533333333333334 0.10333333333333333 0.10666666666666667
1 0.36333333333333334 0.64 0.1 0.1
1 0.15833333333333333 0.635 0.10333333333333333 0.11
1 0.14166666666666666 0.8416666666666667 0.09666666666666666 0.10333333333333333
1 0.16333333333333333 0.42833333333333334 0.1 0.11
