1 0.2816666666666667 0.285 0.09 0.09
1 0.49833333333333335 0.2866666666666667 0.09666666666666666 0.10666666666666667
1 0.7133333333333334 0.2866666666666667 0.09333333333333334 0.11333333333333333
1 0.725 0.07166666666666667 0.09666666666666666 0.09666666666666666
1 0.5083333333333333 0.07666666666666666 0.10333333333333333 0.1
1 0.2966666666666667 0.07333333333333333 0.10666666666666667 0.11333333333333333
1 0.051666666666666666 0.06333333333333334 0.09666666666666666 0.10666666666666667
1 0.07333333333333333 0.2833333333333333 0.1 0.1
1 0.06666666666666667 0.49833333333333335 0.09333333333333334 0.10333333333333333
1 0.275 0.4866666666666667 0.09 0.09333333333333334
1 0.49666666666666665 0.49333333333333335 0.09333333333333334 0.10666666666666667
1 0.7116666666666667 0.49166666666666664 0.09666666666666666 0.09666666666666666
1 0.7066666666666667 0.7016666666666667 0.09333333333333334 0.09666666666666666
1 0.49333333333333335 0.7 0.09333333333333334 0.1
1 0.29833333333333334 0.9116666666666666 0.09 0.10333333333333333
1 0.058333333333333334 0.705 0.09 0.09666666666666666
1 0.08333333333333333 0.9066666666666666 0.08666666666666667 0.1
3 0.275 0.7016666666666667 0.09666666666666666 0.10333333333333333
