1 0.425 0.33666666666666667 0.09666666666666666 0.10666666666666667
1 0.6383333333333333 0.3333333333333333 0.09666666666666666 0.09333333333333334
4 0.5966666666666667 0.125 0.1 0.11
1 0.6333333333333333 0.5466666666666666 0.09333333333333334 0.11333333333333333
1 0.6283333333333333 0.755 0.09666666666666666 0.10333333333333333
1 0.6166666666666667 0.955 0.1 0.08333333333333333
1 0.405 0.9566666666666667 0.10333333333333333 0.08
1 0.41 0.755 0.1 0.11
1 0.41 0.545 0.09333333333333334 0.09666666666666666
1 0.205 0.545 0.09666666666666666 0.10333333333333333
1 0.19333333333333333 0.7483333333333333 0.1 0.10333333333333333
1 0.18833333333333332 0.9533333333333334 0.10333333333333333 0.08666666666666667
1 0.20333333333333334 0.32666666666666666 0.1 0.11333333333333333
1 0.38 0.135 0.1 0.11
1 0.02 0.5433333333333333 0.04 0.1
1 0.021666666666666667 0.76 0.03666666666666667 0.08666666666666667
