1 0.5033333333333333 0.2816666666666667 0.1 0.11
1 0.7183333333333334 0.2783333333333333 0.09666666666666666 0.11
1 0.9266666666666666 0.28833333333333333 0.09333333333333334 0.11
1 0.9183333333333333 0.49666666666666665 0.08333333333333333 0.09333333333333334
1 0.9266666666666666 0.7033333333333334 0.1 0.10666666666666667
1 0.7433333333333333 0.9116666666666666 0.1 0.09666666666666666
1 0.5133333333333333 0.9166666666666666 0.10666666666666667 0.1
1 0.7066666666666667 0.7066666666666667 0.1 0.11333333333333333
1 0.7133333333333334 0.495 0.1 0.09666666666666666
1 0.49 0.7083333333333334 0.1 0.10333333333333333
1 0.2866666666666667 0.5066666666666667 0.1 0.1
1 0.295 0.2866666666666667 0.09666666666666666 0.1
1 0.4766666666666667 0.06833333333333333 0.09333333333333334 0.10333333333333333
1 0.7283333333333334 0.07833333333333334 0.09666666666666666 0.10333333333333333
1 0.9433333333333334 0.08 0.09333333333333334 0.09333333333333334
3 0.5016666666666667 0.5016666666666667 0.09666666666666666 0.09666666666666666
