1 0.2866666666666667 0.5116666666666667 0.1 0.10333333333333333
1 0.28 0.7083333333333334 0.09333333333333334 0.10333333333333333
1 0.48833333333333334 0.715 0.11 0.11
1 0.48833333333333334 0.9266666666666666 0.10333333333333333 0.10666666666666667
1 0.2733333333333333 0.9266666666666666 0.10666666666666667 0.10666666666666667
1 0.06166666666666667 0.7116666666666667 0.10333333333333333 0.10333333333333333
1 0.05333333333333334 0.9216666666666666 0.1 0.10333333333333333
1 0.07 0.51 0.1 0.11333333333333333
1 0.245 0.3016666666666667 0.10333333333333333 0.11
1 0.45166666666666666 0.28833333333333333 0.11 0.11
3 0.5033333333333333 0.5016666666666667 0.1 0.11
