0 0.49666666666666665 0.5116666666666667 0.1 0.11666666666666667
0 0.7233333333333334 0.5 0.11333333333333333 0.13333333333333333
0 0.7 0.745 0.10666666666666667 0.12333333333333334
0 0.705 0.2633333333333333 0.11 0.11333333333333333
0 0.3 0.03833333333333333 0.09333333333333334 0.07666666666666666
0 0.5083333333333333 0.03833333333333333 0.11666666666666667 0.07666666666666666
0 0.9383333333333334 0.043333333333333335 0.11 0.08666666666666667
0 0.07666666666666666 0.04 0.10666666666666667 0.08
0 0.075 0.505 0.10333333333333333 0.10333333333333333
0 0.29 0.965 0.10666666666666667 0.06333333333333334
0 0.485 0.9616666666666667 0.11666666666666667 0.06333333333333334
0 0.07 0.9633333333333334 0.11333333333333333 0.06666666666666667
5 0.2916666666666667 0.49666666666666665 0.10333333333333333 0.10666666666666667
5 0.22666666666666666 0.26166666666666666 0.10666666666666667 0.11666666666666667
5 0.21666666666666667 0.7466666666666667 0.1 0.10666666666666667
5 0.9316666666666666 0.51 0.09666666666666666 0.12
5 0.925 0.97 0.09666666666666666 0.04666666666666667
5 0.7133333333333334 0.9716666666666667 0.10666666666666667 0.05
