0 0.2833333333333333 0.043333333333333335 0.11333333333333333 0.08
0 0.505 0.041666666666666664 0.10333333333333333 0.08333333333333333
0 0.7166666666666667 0.04833333333333333 0.12666666666666668 0.09666666666666666
0 0.9316666666666666 0.05 0.11 0.1
0 0.92 0.52 0.11333333333333333 0.12
0 0.7133333333333334 0.5183333333333333 0.11333333333333333 0.11
0 0.5016666666666667 0.5183333333333333 0.11 0.11666666666666667
0 0.285 0.5183333333333333 0.11 0.11666666666666667
0 0.49 0.975 0.11333333333333333 0.043333333333333335
0 0.27166666666666667 0.9733333333333334 0.11 0.04666666666666667
0 0.7016666666666667 0.9733333333333334 0.11 0.04666666666666667
0 0.9116666666666666 0.975 0.09666666666666666 0.043333333333333335
5 0.6116666666666667 0.7733333333333333 0.11 0.11333333333333333
5 0.6116666666666667 0.27666666666666667 0.11666666666666667 0.12666666666666668
