5 0.22833333333333333 0.26666666666666666 0.11 0.12
5 0.7266666666666667 0.5216666666666666 0.11333333333333333 0.13
5 0.935 0.5216666666666666 0.10333333333333333 0.13
5 0.22666666666666666 0.7666666666666667 0.12666666666666668 0.12666666666666668
1 0.30666666666666664 0.04 0.10666666666666667 0.08
1 0.9383333333333334 0.043333333333333335 0.10333333333333333 0.08666666666666667
0 0.09 0.04 0.11333333333333333 0.08
0 0.515 0.04666666666666667 0.11666666666666667 0.08666666666666667
0 0.7366666666666667 0.043333333333333335 0.12 0.08
0 0.7133333333333334 0.27166666666666667 0.10666666666666667 0.12333333333333334
0 0.5033333333333333 0.5166666666666667 0.11333333333333333 0.12
0 0.30333333333333334 0.5133333333333333 0.10666666666666667 0.12666666666666668
0 0.09333333333333334 0.51 0.1 0.11333333333333333
0 0.715 0.76 0.12333333333333334 0.12
0 0.08 0.9683333333333334 0.10666666666666667 0.056666666666666664
0 0.2966666666666667 0.9716666666666667 0.10666666666666667 0.05
0 0.5066666666666667 0.97 0.1 0.05333333333333334
0 0.715 0.9716666666666667 0.10333333333333333 0.05
0 0.9366666666666666 0.9683333333333334 0.1 0.05
