0 0.505 0.52 0.12333333333333334 0.14
0 0.7166666666666667 0.5083333333333333 0.12 0.13
0 0.9266666666666666 0.5183333333333333 0.11333333333333333 0.11666666666666667
0 0.3016666666666667 0.5133333333333333 0.11 0.13333333333333333
0 0.07166666666666667 0.5166666666666667 0.11666666666666667 0.13333333333333333
0 0.2866666666666667 0.9716666666666667 0.09333333333333334 0.05
0 0.49833333333333335 0.9783333333333334 0.09666666666666666 0.03666666666666667
0 0.7116666666666667 0.9716666666666667 0.10333333333333333 0.043333333333333335
0 0.9216666666666666 0.975 0.09666666666666666 0.043333333333333335
0 0.06833333333333333 0.9766666666666667 0.09666666666666666 0.04
0 0.08333333333333333 0.03666666666666667 0.11333333333333333 0.07333333333333333
0 0.295 0.03833333333333333 0.11666666666666667 0.07
0 0.5083333333333333 0.04 0.11 0.08
0 0.7283333333333334 0.04666666666666667 0.14333333333333334 0.08666666666666667
0 0.9383333333333334 0.04 0.09666666666666666 0.07333333333333333
5 0.7516666666666667 0.275 0.14333333333333334 0.11666666666666667
5 0.25833333333333336 0.27 0.11666666666666667 0.10666666666666667
5 0.25166666666666665 0.77 0.10333333333333333 0.11333333333333333
5 0.745 0.7766666666666666 0.10333333333333333 0.12
