5 0.38666666666666666 0.2633333333333333 0.11333333333333333 0.12666666666666668
5 0.88 0.27166666666666667 0.10666666666666667 0.12333333333333334
5 0.865 0.7733333333333333 0.10333333333333333 0.12
5 0.37666666666666665 0.765 0.10666666666666667 0.11666666666666667
0 0.505 0.5133333333333333 0.11 0.12
0 0.7216666666666667 0.515 0.12333333333333334 0.13
0 0.9383333333333334 0.5183333333333333 0.10333333333333333 0.13666666666666666
0 0.3 0.5083333333333333 0.10666666666666667 0.13666666666666666
0 0.08666666666666667 0.5133333333333333 0.10666666666666667 0.12
0 0.09166666666666666 0.035 0.10333333333333333 0.07
0 0.31 0.03833333333333333 0.12 0.07666666666666666
0 0.5183333333333333 0.03833333333333333 0.13 0.07666666666666666
0 0.7383333333333333 0.043333333333333335 0.11666666666666667 0.08
0 0.9416666666666667 0.043333333333333335 0.10333333333333333 0.08666666666666667
0 0.08333333333333333 0.9716666666666667 0.1 0.043333333333333335
0 0.28833333333333333 0.9733333333333334 0.11 0.04666666666666667
0 0.5083333333333333 0.9783333333333334 0.09666666666666666 0.03666666666666667
0 0.7183333333333334 0.9816666666666667 0.09 0.03
0 0.9266666666666666 0.9716666666666667 0.09333333333333334 0.043333333333333335
