0 0.2833333333333333 0.5083333333333333 0.12 0.13
0 0.49666666666666665 0.5116666666666667 0.11333333333333333 0.12333333333333334
0 0.7183333333333334 0.5233333333333333 0.10333333333333333 0.13333333333333333
0 0.08333333333333333 0.505 0.10666666666666667 0.13
0 0.07333333333333333 0.9766666666666667 0.10666666666666667 0.04
0 0.9166666666666666 0.9733333333333334 0.1 0.04666666666666667
0 0.08166666666666667 0.035 0.11 0.07
0 0.29 0.043333333333333335 0.10666666666666667 0.08
0 0.5166666666666667 0.04 0.11333333333333333 0.07333333333333333
0 0.7216666666666667 0.045 0.11 0.08333333333333333
0 0.9233333333333333 0.045 0.10666666666666667 0.08333333333333333
0 0.9266666666666666 0.52 0.10666666666666667 0.12666666666666668
0 0.7066666666666667 0.975 0.1 0.043333333333333335
0 0.49166666666666664 0.9783333333333334 0.11 0.03666666666666667
0 0.2783333333333333 0.9766666666666667 0.09666666666666666 0.04
5 0.15666666666666668 0.7666666666666667 0.11333333333333333 0.12666666666666668
5 0.6383333333333333 0.77 0.11666666666666667 0.13333333333333333
5 0.6433333333333333 0.2733333333333333 0.10666666666666667 0.12
5 0.16166666666666665 0.25666666666666665 0.11 0.13333333333333333
