0 0.48833333333333334 0.2683333333333333 0.12333333333333334 0.11666666666666667
0 0.72 0.5116666666666667 0.12 0.13666666666666666
0 0.9133333333333333 0.5183333333333333 0.11333333333333333 0.14333333333333334
0 0.5016666666666667 0.5166666666666667 0.11 0.12666666666666668
0 0.2816666666666667 0.5116666666666667 0.11666666666666667 0.13
0 0.08 0.043333333333333335 0.12666666666666668 0.08666666666666667
0 0.28 0.04833333333333333 0.11333333333333333 0.09666666666666666
0 0.9233333333333333 0.043333333333333335 0.11333333333333333 0.08666666666666667
0 0.07333333333333333 0.5216666666666666 0.1 0.13
0 0.49 0.77 0.12666666666666668 0.11333333333333333
0 0.27166666666666667 0.97 0.11 0.05333333333333334
0 0.06166666666666667 0.9733333333333334 0.09 0.04666666666666667
0 0.7066666666666667 0.9783333333333334 0.10666666666666667 0.03666666666666667
0 0.5 0.98 0.1 0.03333333333333333
5 0.9483333333333334 0.7666666666666667 0.09 0.13333333333333333
1 0.02666666666666667 0.7733333333333333 0.05333333333333334 0.12
1 0.51 0.04 0.10666666666666667 0.08
1 0.7166666666666667 0.045 0.10666666666666667 0.09
5 0.9616666666666667 0.27666666666666667 0.07 0.12
5 0.03333333333333333 0.27 0.06666666666666667 0.13333333333333333
