0 0.5066666666666667 0.515 0.11333333333333333 0.12333333333333334
0 0.935 0.515 0.09666666666666666 0.14333333333333334
0 0.7283333333333334 0.5083333333333333 0.11 0.12333333333333334
0 0.31 0.51 0.12 0.14
0 0.085 0.5116666666666667 0.09666666666666666 0.11666666666666667
0 0.085 0.27 0.11 0.12
0 0.5133333333333333 0.04 0.10666666666666667 0.07333333333333333
0 0.735 0.043333333333333335 0.10333333333333333 0.08666666666666667
0 0.9483333333333334 0.04 0.09666666666666666 0.08
5 0.5616666666666666 0.27166666666666667 0.11666666666666667 0.12333333333333334
1 0.5583333333333333 0.7683333333333333 0.10333333333333333 0.11
0 0.72 0.9666666666666667 0.10666666666666667 0.05333333333333334
0 0.08 0.765 0.11333333333333333 0.11666666666666667
0 0.085 0.9783333333333334 0.09666666666666666 0.03666666666666667
0 0.2966666666666667 0.9716666666666667 0.10666666666666667 0.043333333333333335
0 0.9316666666666666 0.975 0.09666666666666666 0.043333333333333335
1 0.09833333333333333 0.041666666666666664 0.10333333333333333 0.08333333333333333
1 0.31 0.045 0.11333333333333333 0.09
