5 0.39166666666666666 0.26666666666666666 0.12333333333333334 0.12
5 0.89 0.2633333333333333 0.11333333333333333 0.12666666666666668
0 0.5016666666666667 0.5116666666666667 0.10333333333333333 0.12333333333333334
0 0.7216666666666667 0.515 0.11 0.11666666666666667
0 0.2966666666666667 0.51 0.12666666666666668 0.12666666666666668
0 0.08166666666666667 0.5066666666666667 0.11 0.12666666666666668
0 0.07666666666666666 0.041666666666666664 0.10666666666666667 0.08333333333333333
0 0.30333333333333334 0.04 0.12 0.08
0 0.51 0.04 0.10666666666666667 0.08
0 0.7233333333333334 0.041666666666666664 0.10666666666666667 0.08333333333333333
0 0.48833333333333334 0.9733333333333334 0.11 0.04666666666666667
0 0.2816666666666667 0.9766666666666667 0.09666666666666666 0.04
0 0.07166666666666667 0.9666666666666667 0.10333333333333333 0.05333333333333334
1 0.38333333333333336 0.765 0.10666666666666667 0.12333333333333334
1 0.8733333333333333 0.765 0.1 0.11
