1 0.8383333333333334 0.7733333333333333 0.09666666666666666 0.11333333333333333
1 0.8416666666666667 0.2733333333333333 0.12333333333333334 0.14
0 0.505 0.525 0.11666666666666667 0.11666666666666667
0 0.7233333333333334 0.5233333333333333 0.12666666666666668 0.13333333333333333
0 0.9316666666666666 0.52 0.10333333333333333 0.12666666666666668
0 0.49333333333333335 0.97 0.10666666666666667 0.05333333333333334
0 0.7066666666666667 0.9683333333333334 0.12666666666666668 0.056666666666666664
0 0.9316666666666666 0.9766666666666667 0.11 0.04
0 0.505 0.043333333333333335 0.11 0.08666666666666667
0 0.725 0.03833333333333333 0.11 0.07666666666666666
0 0.9366666666666666 0.041666666666666664 0.1 0.08333333333333333
