0 0.505 0.515 0.11666666666666667 0.12333333333333334
0 0.7166666666666667 0.515 0.1 0.12333333333333334
0 0.9316666666666666 0.5216666666666666 0.10333333333333333 0.13
0 0.28833333333333333 0.5183333333333333 0.11666666666666667 0.13
0 0.49166666666666664 0.9683333333333334 0.10333333333333333 0.056666666666666664
0 0.9166666666666666 0.975 0.11333333333333333 0.043333333333333335
0 0.7133333333333334 0.9733333333333334 0.10666666666666667 0.04
0 0.2783333333333333 0.9766666666666667 0.09666666666666666 0.04
0 0.29 0.03833333333333333 0.1 0.07666666666666666
0 0.5116666666666667 0.03666666666666667 0.11 0.07333333333333333
0 0.7216666666666667 0.03833333333333333 0.11 0.07666666666666666
0 0.9333333333333333 0.04 0.1 0.07333333333333333
1 0.6283333333333333 0.28 0.11 0.10666666666666667
1 0.62 0.78 0.10666666666666667 0.10666666666666667
