5 0.6533333333333333 0.255 0.12 0.11666666666666667
5 0.17 0.255 0.12 0.11
5 0.15666666666666668 0.74 0.09333333333333334 0.11333333333333333
5 0.6416666666666667 0.75 0.11 0.12666666666666668
0 0.7133333333333334 0.49666666666666665 0.1 0.13333333333333333
0 0.9233333333333333 0.485 0.1 0.13
0 0.49 0.96 0.1 0.07333333333333333
0 0.915 0.9616666666666667 0.11 0.07
0 0.275 0.96 0.10333333333333333 0.07333333333333333
0 0.06833333333333333 0.96 0.10333333333333333 0.06666666666666667
0 0.27666666666666667 0.5 0.10666666666666667 0.12666666666666668
0 0.07833333333333334 0.495 0.11666666666666667 0.11
0 0.08333333333333333 0.02666666666666667 0.11333333333333333 0.05333333333333334
0 0.725 0.03166666666666667 0.11666666666666667 0.056666666666666664
0 0.505 0.028333333333333332 0.11666666666666667 0.056666666666666664
0 0.285 0.03 0.10333333333333333 0.06
0 0.9316666666666666 0.03166666666666667 0.11 0.06333333333333334
0 0.5033333333333333 0.49833333333333335 0.11333333333333333 0.11666666666666667
1 0.71 0.965 0.10666666666666667 0.06333333333333334
