0 0.7066666666666667 0.5116666666666667 0.1 0.11666666666666667
0 0.5016666666666667 0.5133333333333333 0.11 0.12666666666666668
0 0.2916666666666667 0.5016666666666667 0.10333333333333333 0.12333333333333334
0 0.06833333333333333 0.035 0.10333333333333333 0.07
0 0.29833333333333334 0.03666666666666667 0.11 0.07333333333333333
0 0.5066666666666667 0.035 0.11333333333333333 0.07
0 0.7166666666666667 0.03833333333333333 0.11333333333333333 0.07666666666666666
0 0.935 0.03833333333333333 0.10333333333333333 0.07
0 0.49666666666666665 0.9666666666666667 0.1 0.06
5 0.06833333333333333 0.5116666666666667 0.10333333333333333 0.10333333333333333
5 0.92 0.5183333333333333 0.10666666666666667 0.11
5 0.6116666666666667 0.7666666666666667 0.09 0.11333333333333333
1 0.11666666666666667 0.2633333333333333 0.1 0.10666666666666667
