1 0.3933333333333333 0.25166666666666665 0.11333333333333333 0.11666666666666667
1 0.8866666666666667 0.25333333333333335 0.11333333333333333 0.1
1 0.8783333333333333 0.7683333333333333 0.12333333333333334 0.11
0 0.29833333333333334 0.5 0.11 0.12
0 0.2916666666666667 0.9666666666666667 0.09666666666666666 0.06
0 0.08333333333333333 0.49 0.1 0.12
0 0.5016666666666667 0.5033333333333333 0.09666666666666666 0.12
0 0.515 0.03 0.11666666666666667 0.06
0 0.7366666666666667 0.03333333333333333 0.11333333333333333 0.06
0 0.3 0.03166666666666667 0.10666666666666667 0.06333333333333334
0 0.09666666666666666 0.02666666666666667 0.11333333333333333 0.05333333333333334
5 0.07333333333333333 0.9666666666666667 0.09333333333333334 0.06
5 0.3983333333333333 0.7533333333333333 0.09 0.10666666666666667
5 0.48833333333333334 0.97 0.09666666666666666 0.05333333333333334
5 0.7233333333333334 0.5 0.10666666666666667 0.10666666666666667
5 0.715 0.9683333333333334 0.09666666666666666 0.056666666666666664
