0 0.505 0.52 0.11 0.12
0 0.7183333333333334 0.5116666666666667 0.11 0.11666666666666667
0 0.93 0.5116666666666667 0.10666666666666667 0.12333333333333334
0 0.28833333333333333 0.5166666666666667 0.11 0.11333333333333333
0 0.075 0.51 0.10333333333333333 0.11333333333333333
0 0.085 0.041666666666666664 0.11 0.07666666666666666
0 0.3 0.041666666666666664 0.11333333333333333 0.08333333333333333
0 0.5083333333333333 0.041666666666666664 0.11 0.08333333333333333
0 0.7266666666666667 0.045 0.10666666666666667 0.09
0 0.7033333333333334 0.97 0.09333333333333334 0.05333333333333334
0 0.9283333333333333 0.9683333333333334 0.10333333333333333 0.05
0 0.49833333333333335 0.9633333333333334 0.10333333333333333 0.06
0 0.2816666666666667 0.9666666666666667 0.10333333333333333 0.06
0 0.07 0.97 0.1 0.05333333333333334
1 0.195 0.7666666666666667 0.09 0.10666666666666667
1 0.6733333333333333 0.7616666666666667 0.1 0.12333333333333334
5 0.6916666666666667 0.2733333333333333 0.10333333333333333 0.1
1 0.20333333333333334 0.2783333333333333 0.11333333333333333 0.10333333333333333
0 0.9366666666666666 0.043333333333333335 0.1 0.08666666666666667
