0 0.49666666666666665 0.5083333333333333 0.11333333333333333 0.11666666666666667
1 0.2833333333333333 0.5166666666666667 0.09333333333333334 0.09333333333333334
1 0.715 0.51 0.09 0.1
1 0.9266666666666666 0.51 0.1 0.09333333333333334
1 0.9533333333333334 0.7633333333333333 0.08666666666666667 0.09333333333333334
1 0.4683333333333333 0.7633333333333333 0.10333333333333333 0.1
1 0.06666666666666667 0.5133333333333333 0.10666666666666667 0.1
1 0.2833333333333333 0.97 0.1 0.05333333333333334
1 0.9316666666666666 0.975 0.09666666666666666 0.043333333333333335
1 0.7116666666666667 0.9766666666666667 0.09666666666666666 0.04
1 0.5 0.9766666666666667 0.09333333333333334 0.04
1 0.065 0.98 0.09666666666666666 0.03333333333333333
