1 0.48 0.755 0.1 0.09666666666666666
1 0.6966666666666667 0.755 0.09333333333333334 0.09666666666666666
1 0.9683333333333334 0.505 0.056666666666666664 0.09666666666666666
1 0.9133333333333333 0.2633333333333333 0.1 0.1
1 0.4816666666666667 0.26166666666666666 0.09666666666666666 0.10333333333333333
1 0.02666666666666667 0.5133333333333333 0.05333333333333334 0.1
1 0.05333333333333334 0.7516666666666667 0.09333333333333334 0.10333333333333333
0 0.2683333333333333 0.7516666666666667 0.10333333333333333 0.12333333333333334
0 0.49833333333333335 0.5083333333333333 0.10333333333333333 0.12333333333333334
0 0.9166666666666666 0.745 0.1 0.11
0 0.6983333333333334 0.25666666666666665 0.10333333333333333 0.12
0 0.26666666666666666 0.25333333333333335 0.11333333333333333 0.11333333333333333
0 0.056666666666666664 0.25333333333333335 0.09333333333333334 0.11333333333333333
