0 0.5 0.49833333333333335 0.09333333333333334 0.11666666666666667
0 0.5016666666666667 0.965 0.09666666666666666 0.056666666666666664
0 0.9366666666666666 0.965 0.09333333333333334 0.056666666666666664
1 0.7233333333333334 0.97 0.10666666666666667 0.04666666666666667
1 0.5933333333333334 0.7533333333333333 0.1 0.1
1 0.715 0.505 0.09666666666666666 0.09666666666666666
1 0.93 0.5083333333333333 0.09333333333333334 0.09
1 0.29333333333333333 0.5083333333333333 0.12666666666666668 0.10333333333333333
1 0.07166666666666667 0.51 0.09 0.1
1 0.1 0.7583333333333333 0.1 0.09666666666666666
1 0.07166666666666667 0.975 0.10333333333333333 0.043333333333333335
1 0.28 0.9716666666666667 0.11333333333333333 0.05
