1 0.47333333333333333 0.765 0.09333333333333334 0.09666666666666666
1 0.7116666666666667 0.5083333333333333 0.09 0.09
1 0.925 0.51 0.09666666666666666 0.1
1 0.9566666666666667 0.7616666666666667 0.08 0.09666666666666666
1 0.93 0.975 0.09333333333333334 0.043333333333333335
1 0.7133333333333334 0.9766666666666667 0.08666666666666667 0.04
1 0.2816666666666667 0.51 0.09666666666666666 0.08666666666666667
1 0.495 0.9783333333333334 0.09666666666666666 0.03666666666666667
1 0.285 0.98 0.09 0.03333333333333333
1 0.06833333333333333 0.9783333333333334 0.09 0.03
1 0.06666666666666667 0.5116666666666667 0.10666666666666667 0.09
0 0.5083333333333333 0.5016666666666667 0.12333333333333334 0.12333333333333334
