0 0.51 0.5016666666666667 0.11333333333333333 0.09666666666666666
1 0.7216666666666667 0.5116666666666667 0.09666666666666666 0.10333333333333333
1 0.935 0.5083333333333333 0.09666666666666666 0.09666666666666666
1 0.8933333333333333 0.755 0.08666666666666667 0.09
1 0.94 0.9733333333333334 0.09333333333333334 0.04666666666666667
1 0.3983333333333333 0.265 0.09666666666666666 0.09666666666666666
1 0.8866666666666667 0.2633333333333333 0.1 0.08666666666666667
1 0.9333333333333333 0.028333333333333332 0.08666666666666667 0.056666666666666664
1 0.7183333333333334 0.028333333333333332 0.10333333333333333 0.056666666666666664
1 0.505 0.03166666666666667 0.09666666666666666 0.06333333333333334
1 0.29 0.03 0.09333333333333334 0.06
1 0.07166666666666667 0.03333333333333333 0.09666666666666666 0.06666666666666667
1 0.29833333333333334 0.515 0.10333333333333333 0.09
1 0.07833333333333334 0.5133333333333333 0.09 0.09333333333333334
1 0.40166666666666667 0.75 0.09 0.09333333333333334
1 0.07833333333333334 0.9733333333333334 0.09666666666666666 0.04666666666666667
1 0.2966666666666667 0.97 0.10666666666666667 0.04666666666666667
1 0.51 0.9716666666666667 0.1 0.05
1 0.725 0.9716666666666667 0.09 0.05
