1 0.7216666666666667 0.51 0.09 0.1
1 0.375 0.7583333333333333 0.09666666666666666 0.09666666666666666
1 0.06833333333333333 0.9716666666666667 0.09 0.05
1 0.2816666666666667 0.03166666666666667 0.10333333333333333 0.06333333333333334
1 0.49666666666666665 0.03333333333333333 0.1 0.06666666666666667
1 0.72 0.03333333333333333 0.09333333333333334 0.06666666666666667
1 0.06333333333333334 0.035 0.1 0.07
1 0.37 0.26166666666666666 0.10666666666666667 0.11
0 0.2866666666666667 0.5066666666666667 0.1 0.11333333333333333
0 0.5 0.5083333333333333 0.10666666666666667 0.11
0 0.06833333333333333 0.5033333333333333 0.11666666666666667 0.11333333333333333
0 0.5 0.9633333333333334 0.1 0.06
0 0.7166666666666667 0.9666666666666667 0.1 0.05333333333333334
5 0.2816666666666667 0.9683333333333334 0.13 0.05
