1 0.295 0.5083333333333333 0.10333333333333333 0.09
1 0.5683333333333334 0.265 0.09 0.10333333333333333
1 0.5816666666666667 0.7483333333333333 0.09 0.09
1 0.9366666666666666 0.5033333333333333 0.09333333333333334 0.1
1 0.09 0.7516666666666667 0.09333333333333334 0.09
1 0.07333333333333333 0.9683333333333334 0.1 0.05
1 0.29833333333333334 0.9716666666666667 0.09666666666666666 0.05
1 0.5083333333333333 0.97 0.09666666666666666 0.05333333333333334
1 0.075 0.5083333333333333 0.10333333333333333 0.09
1 0.085 0.2633333333333333 0.10333333333333333 0.09333333333333334
1 0.075 0.03333333333333333 0.09666666666666666 0.06666666666666667
1 0.29333333333333333 0.03666666666666667 0.10666666666666667 0.07333333333333333
1 0.5066666666666667 0.035 0.1 0.06333333333333334
1 0.72 0.03666666666666667 0.09333333333333334 0.07333333333333333
1 0.9283333333333333 0.035 0.08333333333333333 0.07
0 0.5016666666666667 0.5 0.11 0.11333333333333333
0 0.72 0.49833333333333335 0.10666666666666667 0.13
0 0.725 0.96 0.10333333333333333 0.07333333333333333
1 0.935 0.97 0.09666666666666666 0.05333333333333334
