1 0.715 0.515 0.09666666666666666 0.09
1 0.9283333333333333 0.505 0.09666666666666666 0.09666666666666666
1 0.7466666666666667 0.2683333333333333 0.1 0.09
1 0.49666666666666665 0.035 0.08666666666666667 0.07
1 0.715 0.03666666666666667 0.10333333333333333 0.07333333333333333
1 0.25166666666666665 0.2633333333333333 0.09666666666666666 0.1
0 0.495 0.5016666666666667 0.12333333333333334 0.11666666666666667
0 0.7133333333333334 0.9516666666666667 0.11333333333333333 0.09
0 0.9283333333333333 0.9566666666666667 0.10333333333333333 0.07333333333333333
1 0.75 0.7533333333333333 0.09333333333333334 0.1
1 0.255 0.7566666666666667 0.09 0.10666666666666667
1 0.285 0.9683333333333334 0.11 0.05
5 0.49666666666666665 0.955 0.12 0.07666666666666666
1 0.06833333333333333 0.5083333333333333 0.09 0.09666666666666666
0 0.2783333333333333 0.505 0.10333333333333333 0.11666666666666667
1 0.06833333333333333 0.975 0.09 0.043333333333333335
1 0.28 0.03666666666666667 0.09333333333333334 0.06666666666666667
1 0.06666666666666667 0.03666666666666667 0.09333333333333334 0.07333333333333333
0 0.925 0.03333333333333333 0.10333333333333333 0.06666666666666667
