0 0.5033333333333333 0.49666666666666665 0.10666666666666667 0.11333333333333333
0 0.72 0.5066666666666667 0.1 0.12
0 0.285 0.9633333333333334 0.10333333333333333 0.06
0 0.5066666666666667 0.965 0.10666666666666667 0.06333333333333334
0 0.72 0.9633333333333334 0.1 0.06
0 0.07666666666666666 0.96 0.11333333333333333 0.06666666666666667
0 0.07 0.035 0.10666666666666667 0.07
3 0.5016666666666667 0.03666666666666667 0.11666666666666667 0.07333333333333333
5 0.2866666666666667 0.5066666666666667 0.1 0.1
1 0.37666666666666665 0.27166666666666667 0.09333333333333334 0.11
1 0.7183333333333334 0.03666666666666667 0.10333333333333333 0.07333333333333333
1 0.2866666666666667 0.03666666666666667 0.08666666666666667 0.07333333333333333
1 0.07333333333333333 0.51 0.09333333333333334 0.1
1 0.37333333333333335 0.7533333333333333 0.1 0.09333333333333334
