1 0.15666666666666668 0.26666666666666666 0.09333333333333334 0.09333333333333334
1 0.505 0.03666666666666667 0.10333333333333333 0.07333333333333333
1 0.06833333333333333 0.03166666666666667 0.10333333333333333 0.06333333333333334
1 0.15833333333333333 0.75 0.09666666666666666 0.09333333333333334
0 0.2816666666666667 0.5 0.10333333333333333 0.11333333333333333
0 0.5 0.505 0.1 0.12333333333333334
0 0.505 0.9616666666666667 0.09666666666666666 0.07
0 0.29333333333333333 0.96 0.1 0.06666666666666667
0 0.07166666666666667 0.9616666666666667 0.09666666666666666 0.06333333333333334
5 0.07 0.5 0.09333333333333334 0.1
3 0.2816666666666667 0.035 0.10333333333333333 0.07
