1 0.39666666666666667 0.25833333333333336 0.09333333333333334 0.09666666666666666
1 0.7183333333333334 0.505 0.08333333333333333 0.09666666666666666
1 0.9316666666666666 0.5116666666666667 0.09666666666666666 0.11666666666666667
1 0.8883333333333333 0.25666666666666665 0.09666666666666666 0.1
1 0.9316666666666666 0.02666666666666667 0.09666666666666666 0.05333333333333334
1 0.2916666666666667 0.515 0.09 0.09666666666666666
1 0.40166666666666667 0.77 0.09 0.08666666666666667
1 0.07333333333333333 0.51 0.09333333333333334 0.09333333333333334
1 0.8866666666666667 0.765 0.09333333333333334 0.09
0 0.5 0.5083333333333333 0.1 0.11666666666666667
1 0.07166666666666667 0.023333333333333334 0.09666666666666666 0.04666666666666667
1 0.28833333333333333 0.025 0.09666666666666666 0.05
1 0.5016666666666667 0.02666666666666667 0.09666666666666666 0.05333333333333334
1 0.72 0.028333333333333332 0.1 0.056666666666666664
1 0.93 0.9816666666666667 0.09333333333333334 0.03
1 0.075 0.9816666666666667 0.08333333333333333 0.03
1 0.72 0.98 0.08666666666666667 0.03333333333333333
1 0.285 0.9816666666666667 0.07666666666666666 0.03
