1 0.5216666666666666 0.25833333333333336 0.09666666666666666 0.09666666666666666
1 0.505 0.025 0.10333333333333333 0.05
1 0.29 0.02666666666666667 0.1 0.05333333333333334
1 0.07333333333333333 0.023333333333333334 0.1 0.04666666666666667
1 0.725 0.028333333333333332 0.09666666666666666 0.056666666666666664
1 0.9333333333333333 0.025 0.1 0.05
1 0.5183333333333333 0.7633333333333333 0.09666666666666666 0.1
1 0.03666666666666667 0.7666666666666667 0.07333333333333333 0.1
1 0.06833333333333333 0.5133333333333333 0.09666666666666666 0.1
1 0.03333333333333333 0.26 0.06666666666666667 0.09333333333333334
1 0.5016666666666667 0.9783333333333334 0.09 0.03666666666666667
1 0.07 0.98 0.08 0.03333333333333333
0 0.28833333333333333 0.9666666666666667 0.10333333333333333 0.05333333333333334
0 0.28833333333333333 0.5016666666666667 0.10333333333333333 0.11666666666666667
0 0.5 0.5033333333333333 0.1 0.11333333333333333
3 0.9283333333333333 0.5016666666666667 0.09666666666666666 0.11
3 0.7216666666666667 0.5033333333333333 0.11 0.12666666666666668
1 0.9783333333333334 0.25833333333333336 0.03666666666666667 0.13
1 0.975 0.7683333333333333 0.043333333333333335 0.09666666666666666
0 0.9283333333333333 0.9716666666666667 0.09 0.05
0 0.715 0.97 0.09 0.05333333333333334
