0 0.495 0.5066666666666667 0.10333333333333333 0.10666666666666667
0 0.715 0.51 0.09666666666666666 0.12
0 0.9333333333333333 0.5083333333333333 0.1 0.11
0 0.9266666666666666 0.97 0.1 0.05333333333333334
0 0.49666666666666665 0.97 0.09333333333333334 0.05333333333333334
1 0.5266666666666666 0.7633333333333333 0.08666666666666667 0.08666666666666667
1 0.285 0.5183333333333333 0.09666666666666666 0.09666666666666666
1 0.07 0.52 0.09333333333333334 0.09333333333333334
1 0.043333333333333335 0.7666666666666667 0.08666666666666667 0.09333333333333334
1 0.06833333333333333 0.9733333333333334 0.09666666666666666 0.04666666666666667
0 0.2833333333333333 0.97 0.1 0.05333333333333334
5 0.71 0.97 0.09333333333333334 0.05333333333333334
