0 0.5 0.5016666666666667 0.10666666666666667 0.11666666666666667
0 0.7166666666666667 0.5 0.10666666666666667 0.11333333333333333
0 0.07166666666666667 0.5083333333333333 0.11 0.13
0 0.5016666666666667 0.9666666666666667 0.11 0.05333333333333334
0 0.2866666666666667 0.035 0.10666666666666667 0.07
0 0.49833333333333335 0.03833333333333333 0.11 0.07666666666666666
0 0.7166666666666667 0.03666666666666667 0.10666666666666667 0.06666666666666667
0 0.9283333333333333 0.03833333333333333 0.11 0.07
0 0.07 0.03666666666666667 0.10666666666666667 0.07333333333333333
0 0.9316666666666666 0.965 0.09 0.06333333333333334
0 0.9416666666666667 0.7483333333333333 0.09 0.10333333333333333
0 0.7166666666666667 0.9666666666666667 0.1 0.06
1 0.28833333333333333 0.51 0.09666666666666666 0.1
1 0.45 0.26666666666666666 0.1 0.10666666666666667
1 0.94 0.27166666666666667 0.1 0.09666666666666666
1 0.93 0.51 0.09333333333333334 0.09333333333333334
1 0.455 0.7533333333333333 0.09 0.09333333333333334
1 0.06833333333333333 0.975 0.09 0.043333333333333335
5 0.2816666666666667 0.9666666666666667 0.10333333333333333 0.06
