1 0.15833333333333333 0.26666666666666666 0.09 0.08666666666666667
1 0.285 0.51 0.09666666666666666 0.09333333333333334
1 0.15833333333333333 0.7616666666666667 0.09666666666666666 0.09
1 0.6516666666666666 0.7583333333333333 0.09 0.09666666666666666
1 0.5016666666666667 0.975 0.09666666666666666 0.043333333333333335
1 0.065 0.9766666666666667 0.08333333333333333 0.04
1 0.07 0.5116666666666667 0.09333333333333334 0.08333333333333333
1 0.6533333333333333 0.265 0.09333333333333334 0.11666666666666667
1 0.8066666666666666 0.9716666666666667 0.08 0.05
0 0.5033333333333333 0.5016666666666667 0.10666666666666667 0.10333333333333333
5 0.8183333333333334 0.5016666666666667 0.13 0.11666666666666667
1 0.505 0.03333333333333333 0.10333333333333333 0.06666666666666667
1 0.8183333333333334 0.03333333333333333 0.10333333333333333 0.06666666666666667
1 0.28 0.03 0.1 0.06
1 0.06833333333333333 0.03666666666666667 0.09 0.07333333333333333
