1 0.7166666666666667 0.5166666666666667 0.1 0.09333333333333334
1 0.9283333333333333 0.5116666666666667 0.09666666666666666 0.09
1 0.8883333333333333 0.76 0.09666666666666666 0.09333333333333334
1 0.9316666666666666 0.975 0.09666666666666666 0.03666666666666667
1 0.7166666666666667 0.975 0.1 0.043333333333333335
1 0.49666666666666665 0.9783333333333334 0.09333333333333334 0.03666666666666667
1 0.39666666666666667 0.76 0.1 0.09333333333333334
1 0.2816666666666667 0.5183333333333333 0.09 0.09666666666666666
1 0.06666666666666667 0.975 0.08666666666666667 0.043333333333333335
1 0.2783333333333333 0.9783333333333334 0.09 0.03666666666666667
1 0.39166666666666666 0.26666666666666666 0.09666666666666666 0.1
1 0.89 0.27 0.1 0.1
1 0.7133333333333334 0.041666666666666664 0.10666666666666667 0.07666666666666666
1 0.925 0.03833333333333333 0.09666666666666666 0.07666666666666666
1 0.28 0.04 0.1 0.07333333333333333
1 0.06166666666666667 0.035 0.09666666666666666 0.07
3 0.49833333333333335 0.04 0.11 0.08
0 0.49666666666666665 0.5016666666666667 0.11333333333333333 0.11666666666666667
