0 0.28833333333333333 0.5066666666666667 0.11666666666666667 0.12
0 0.7333333333333333 0.7583333333333333 0.1 0.11666666666666667
0 0.7183333333333334 0.505 0.12333333333333334 0.11
0 0.9283333333333333 0.5066666666666667 0.10333333333333333 0.11333333333333333
0 0.7333333333333333 0.27 0.11333333333333333 0.12
0 0.5016666666666667 0.5016666666666667 0.11 0.11
0 0.06833333333333333 0.5116666666666667 0.09666666666666666 0.10333333333333333
0 0.28833333333333333 0.04 0.11 0.08
0 0.5016666666666667 0.03666666666666667 0.11666666666666667 0.07333333333333333
0 0.2833333333333333 0.9733333333333334 0.1 0.04666666666666667
0 0.065 0.9733333333333334 0.08333333333333333 0.04666666666666667
1 0.06833333333333333 0.03666666666666667 0.09666666666666666 0.07333333333333333
1 0.23666666666666666 0.27 0.10666666666666667 0.11333333333333333
1 0.7133333333333334 0.03666666666666667 0.10666666666666667 0.07333333333333333
1 0.9316666666666666 0.03666666666666667 0.09666666666666666 0.07333333333333333
1 0.24 0.765 0.09333333333333334 0.10333333333333333
1 0.49666666666666665 0.98 0.09333333333333334 0.03333333333333333
1 0.7116666666666667 0.9783333333333334 0.09 0.03666666666666667
1 0.93 0.975 0.08666666666666667 0.043333333333333335
