1 0.285 0.5083333333333333 0.09666666666666666 0.10333333333333333
1 0.71 0.505 0.1 0.09666666666666666
1 0.805 0.7533333333333333 0.09 0.09333333333333334
1 0.8033333333333333 0.265 0.10666666666666667 0.09666666666666666
1 0.31833333333333336 0.255 0.08333333333333333 0.09666666666666666
1 0.06333333333333334 0.02666666666666667 0.09333333333333334 0.05333333333333334
1 0.28 0.03 0.10666666666666667 0.05333333333333334
1 0.49666666666666665 0.03333333333333333 0.10666666666666667 0.06
1 0.71 0.02666666666666667 0.10666666666666667 0.05333333333333334
1 0.9266666666666666 0.03 0.09333333333333334 0.05333333333333334
1 0.3233333333333333 0.7533333333333333 0.08666666666666667 0.08666666666666667
1 0.495 0.9716666666666667 0.08333333333333333 0.05
1 0.715 0.975 0.09666666666666666 0.043333333333333335
1 0.92 0.9683333333333334 0.1 0.05
1 0.2816666666666667 0.9733333333333334 0.09 0.04666666666666667
1 0.065 0.9766666666666667 0.09666666666666666 0.04
0 0.5016666666666667 0.5 0.10333333333333333 0.11333333333333333
0 0.9266666666666666 0.49333333333333335 0.1 0.11333333333333333
0 0.065 0.5 0.11 0.11333333333333333
