0 0.49666666666666665 0.5 0.1 0.12666666666666668
0 0.7116666666666667 0.49833333333333335 0.11666666666666667 0.11666666666666667
0 0.065 0.9683333333333334 0.09666666666666666 0.056666666666666664
1 0.17833333333333334 0.76 0.10333333333333333 0.1
1 0.28 0.5133333333333333 0.1 0.09333333333333334
1 0.06333333333333334 0.5133333333333333 0.09333333333333334 0.08666666666666667
1 0.175 0.26666666666666666 0.09666666666666666 0.1
1 0.6633333333333333 0.26166666666666666 0.10666666666666667 0.09666666666666666
1 0.925 0.505 0.09 0.10333333333333333
1 0.7083333333333334 0.9733333333333334 0.08333333333333333 0.04666666666666667
1 0.9216666666666666 0.9733333333333334 0.09 0.04666666666666667
1 0.6616666666666666 0.7616666666666667 0.09666666666666666 0.09
1 0.495 0.975 0.08333333333333333 0.03666666666666667
1 0.27666666666666667 0.9733333333333334 0.09333333333333334 0.04
1 0.065 0.02666666666666667 0.10333333333333333 0.05333333333333334
1 0.27666666666666667 0.02666666666666667 0.09333333333333334 0.05333333333333334
0 0.49333333333333335 0.03 0.10666666666666667 0.06
0 0.7083333333333334 0.03166666666666667 0.11 0.06333333333333334
0 0.925 0.03 0.10333333333333333 0.05333333333333334
