0 0.73 0.5016666666666667 0.10666666666666667 0.11
0 0.505 0.49833333333333335 0.09 0.11
1 0.7966666666666666 0.27 0.1 0.09333333333333334
1 0.9333333333333333 0.51 0.1 0.08
1 0.8 0.76 0.09333333333333334 0.09333333333333334
1 0.30666666666666664 0.7583333333333333 0.10666666666666667 0.09666666666666666
1 0.28833333333333333 0.5116666666666667 0.09 0.08333333333333333
1 0.3016666666666667 0.27166666666666667 0.09 0.09666666666666666
1 0.07666666666666666 0.5133333333333333 0.08 0.09333333333333334
1 0.075 0.9766666666666667 0.08333333333333333 0.04
1 0.29333333333333333 0.975 0.1 0.03666666666666667
1 0.5116666666666667 0.9766666666666667 0.09666666666666666 0.04
1 0.725 0.975 0.10333333333333333 0.043333333333333335
1 0.9366666666666666 0.9716666666666667 0.08666666666666667 0.05
1 0.075 0.03666666666666667 0.09666666666666666 0.07333333333333333
1 0.2866666666666667 0.03833333333333333 0.08666666666666667 0.07
1 0.5016666666666667 0.035 0.10333333333333333 0.07
1 0.7216666666666667 0.03666666666666667 0.09666666666666666 0.07333333333333333
1 0.9366666666666666 0.03666666666666667 0.09333333333333334 0.07333333333333333
