1 0.57 0.2733333333333333 0.1 0.09333333333333334
1 0.7116666666666667 0.5083333333333333 0.09 0.09666666666666666
1 0.93 0.515 0.08666666666666667 0.08333333333333333
1 0.5733333333333334 0.76 0.09333333333333334 0.09333333333333334
1 0.08333333333333333 0.7583333333333333 0.09333333333333334 0.09
1 0.06833333333333333 0.5166666666666667 0.09 0.08666666666666667
1 0.07666666666666666 0.2733333333333333 0.08666666666666667 0.08666666666666667
1 0.065 0.035 0.09 0.07
1 0.2783333333333333 0.03833333333333333 0.09666666666666666 0.07
1 0.49833333333333335 0.03666666666666667 0.10333333333333333 0.06666666666666667
1 0.7116666666666667 0.035 0.09666666666666666 0.07
1 0.9283333333333333 0.03833333333333333 0.09666666666666666 0.07666666666666666
1 0.285 0.9783333333333334 0.08333333333333333 0.03666666666666667
1 0.5 0.9766666666666667 0.09333333333333334 0.04
1 0.715 0.975 0.09666666666666666 0.043333333333333335
1 0.9333333333333333 0.975 0.1 0.043333333333333335
1 0.06833333333333333 0.9733333333333334 0.09 0.04666666666666667
0 0.2783333333333333 0.5016666666666667 0.09 0.09666666666666666
0 0.49833333333333335 0.5016666666666667 0.09666666666666666 0.11
