0 0.5083333333333333 0.5 0.10333333333333333 0.10666666666666667
0 0.7216666666666667 0.49666666666666665 0.09666666666666666 0.12
1 0.8133333333333334 0.7516666666666667 0.1 0.10333333333333333
1 0.9316666666666666 0.5066666666666667 0.09 0.09333333333333334
1 0.805 0.26666666666666666 0.09 0.09333333333333334
1 0.32166666666666666 0.26666666666666666 0.10333333333333333 0.08666666666666667
1 0.28833333333333333 0.5083333333333333 0.09 0.09666666666666666
1 0.31833333333333336 0.755 0.09 0.10333333333333333
1 0.715 0.975 0.10333333333333333 0.043333333333333335
1 0.935 0.9716666666666667 0.09666666666666666 0.05
1 0.5 0.97 0.1 0.05333333333333334
1 0.2866666666666667 0.9733333333333334 0.09333333333333334 0.04666666666666667
1 0.075 0.975 0.09 0.043333333333333335
1 0.07333333333333333 0.515 0.08666666666666667 0.08333333333333333
1 0.06833333333333333 0.03666666666666667 0.09666666666666666 0.07333333333333333
1 0.2916666666666667 0.04 0.09666666666666666 0.08
1 0.5 0.035 0.1 0.07
1 0.7183333333333334 0.03666666666666667 0.09 0.07333333333333333
1 0.9283333333333333 0.03666666666666667 0.09 0.07333333333333333
