1 0.285 0.5116666666666667 0.10333333333333333 0.09666666666666666
1 0.815 0.5066666666666667 0.09 0.08666666666666667
1 0.65 0.7583333333333333 0.09333333333333334 0.09
1 0.8133333333333334 0.975 0.08666666666666667 0.043333333333333335
1 0.5 0.9766666666666667 0.09333333333333334 0.04
1 0.285 0.975 0.09666666666666666 0.043333333333333335
1 0.16833333333333333 0.7566666666666667 0.09 0.09333333333333334
1 0.06666666666666667 0.9783333333333334 0.1 0.03666666666666667
1 0.16333333333333333 0.27 0.09333333333333334 0.08666666666666667
1 0.6516666666666666 0.2733333333333333 0.09666666666666666 0.09333333333333334
1 0.5016666666666667 0.03833333333333333 0.09 0.07666666666666666
1 0.81 0.03666666666666667 0.1 0.07333333333333333
1 0.285 0.03666666666666667 0.09666666666666666 0.07333333333333333
1 0.06833333333333333 0.04 0.09666666666666666 0.08
0 0.07166666666666667 0.5083333333333333 0.09666666666666666 0.11
0 0.49833333333333335 0.5 0.10333333333333333 0.11333333333333333
