0 0.285 0.5033333333333333 0.11666666666666667 0.12
0 0.49833333333333335 0.5016666666666667 0.10333333333333333 0.11
0 0.9316666666666666 0.9666666666666667 0.11 0.06
0 0.925 0.035 0.11 0.07
1 0.7566666666666667 0.27666666666666667 0.10666666666666667 0.09333333333333334
1 0.715 0.5066666666666667 0.09 0.1
1 0.25666666666666665 0.2733333333333333 0.11333333333333333 0.09333333333333334
1 0.06333333333333334 0.04 0.09333333333333334 0.08
1 0.2816666666666667 0.03833333333333333 0.11 0.07
1 0.49333333333333335 0.03833333333333333 0.1 0.07666666666666666
1 0.7116666666666667 0.035 0.09666666666666666 0.07
1 0.25833333333333336 0.7533333333333333 0.09666666666666666 0.09333333333333334
1 0.065 0.5116666666666667 0.10333333333333333 0.09666666666666666
1 0.7516666666666667 0.7566666666666667 0.10333333333333333 0.09333333333333334
1 0.715 0.9683333333333334 0.09666666666666666 0.056666666666666664
1 0.5016666666666667 0.97 0.10333333333333333 0.05333333333333334
1 0.2816666666666667 0.9733333333333334 0.09666666666666666 0.04666666666666667
1 0.06666666666666667 0.975 0.09333333333333334 0.043333333333333335
3 0.9233333333333333 0.5016666666666667 0.1 0.11666666666666667
