5 0.5116666666666667 0.5083333333333333 0.13 0.11666666666666667
5 0.07666666666666666 0.9733333333333334 0.11333333333333333 0.04666666666666667
1 0.40166666666666667 0.26666666666666666 0.09666666666666666 0.09333333333333334
1 0.89 0.2683333333333333 0.1 0.08333333333333333
1 0.2916666666666667 0.51 0.09 0.09333333333333334
1 0.72 0.5116666666666667 0.09333333333333334 0.09666666666666666
1 0.935 0.5116666666666667 0.09 0.09
1 0.5033333333333333 0.03166666666666667 0.09333333333333334 0.06333333333333334
1 0.72 0.03 0.1 0.06
1 0.9316666666666666 0.03 0.08333333333333333 0.06
1 0.2866666666666667 0.03166666666666667 0.1 0.06333333333333334
1 0.07333333333333333 0.03333333333333333 0.09333333333333334 0.06666666666666667
1 0.075 0.515 0.09666666666666666 0.10333333333333333
1 0.2866666666666667 0.9766666666666667 0.09333333333333334 0.04
1 0.72 0.98 0.08666666666666667 0.03333333333333333
1 0.935 0.9783333333333334 0.08333333333333333 0.03666666666666667
1 0.5033333333333333 0.9766666666666667 0.09333333333333334 0.04
