1 0.2833333333333333 0.5116666666666667 0.09333333333333334 0.09
1 0.71 0.5183333333333333 0.1 0.09666666666666666
1 0.9316666666666666 0.515 0.08333333333333333 0.11
1 0.185 0.26666666666666666 0.10333333333333333 0.1
1 0.6716666666666666 0.27 0.09 0.09333333333333334
1 0.06833333333333333 0.5133333333333333 0.09 0.1
1 0.49833333333333335 0.9783333333333334 0.08333333333333333 0.03666666666666667
1 0.2866666666666667 0.9816666666666667 0.08666666666666667 0.03
1 0.07333333333333333 0.9766666666666667 0.09333333333333334 0.04
1 0.2833333333333333 0.03333333333333333 0.1 0.06666666666666667
1 0.49833333333333335 0.03333333333333333 0.10333333333333333 0.06666666666666667
1 0.715 0.03666666666666667 0.09666666666666666 0.06666666666666667
1 0.935 0.03166666666666667 0.09666666666666666 0.06333333333333334
1 0.06833333333333333 0.03333333333333333 0.09666666666666666 0.06666666666666667
0 0.49833333333333335 0.5066666666666667 0.10333333333333333 0.12
0 0.7183333333333334 0.9716666666666667 0.10333333333333333 0.05
0 0.9316666666666666 0.9716666666666667 0.09666666666666666 0.05
