0 0.5033333333333333 0.5016666666666667 0.09333333333333334 0.11
1 0.7233333333333334 0.5083333333333333 0.09333333333333334 0.09
1 0.9333333333333333 0.5033333333333333 0.09333333333333334 0.1
1 0.7333333333333333 0.7566666666666667 0.09333333333333334 0.10666666666666667
1 0.7166666666666667 0.9733333333333334 0.08666666666666667 0.04666666666666667
1 0.93 0.975 0.09333333333333334 0.043333333333333335
1 0.5 0.975 0.09333333333333334 0.043333333333333335
1 0.24 0.755 0.08666666666666667 0.09666666666666666
1 0.28833333333333333 0.51 0.09 0.09333333333333334
1 0.075 0.5116666666666667 0.09666666666666666 0.09666666666666666
1 0.285 0.975 0.09 0.043333333333333335
1 0.07166666666666667 0.975 0.09 0.043333333333333335
