1 0.06833333333333333 0.5066666666666667 0.09666666666666666 0.09333333333333334
1 0.7133333333333334 0.5066666666666667 0.09333333333333334 0.10666666666666667
1 0.24166666666666667 0.7516666666666667 0.09666666666666666 0.09666666666666666
1 0.7116666666666667 0.9733333333333334 0.09 0.04666666666666667
1 0.9333333333333333 0.9683333333333334 0.1 0.05
1 0.28 0.97 0.08666666666666667 0.04666666666666667
1 0.06833333333333333 0.9716666666666667 0.09 0.043333333333333335
0 0.49666666666666665 0.5016666666666667 0.09333333333333334 0.11
0 0.9333333333333333 0.51 0.1 0.12666666666666668
0 0.28833333333333333 0.5016666666666667 0.10333333333333333 0.12333333333333334
0 0.7316666666666667 0.75 0.10333333333333333 0.10666666666666667
0 0.49833333333333335 0.9633333333333334 0.10333333333333333 0.06666666666666667
0 0.065 0.03 0.10333333333333333 0.05333333333333334
1 0.2816666666666667 0.03 0.10333333333333333 0.06
1 0.5 0.03166666666666667 0.09333333333333334 0.06333333333333334
1 0.7116666666666667 0.03666666666666667 0.09 0.06666666666666667
1 0.9283333333333333 0.028333333333333332 0.09666666666666666 0.056666666666666664
