1 0.28833333333333333 0.5066666666666667 0.10333333333333333 0.09333333333333334
0 0.07333333333333333 0.5016666666666667 0.10666666666666667 0.11
0 0.5 0.505 0.10666666666666667 0.11
0 0.305 0.7483333333333333 0.11666666666666667 0.11666666666666667
0 0.9316666666666666 0.9666666666666667 0.10333333333333333 0.06
1 0.7183333333333334 0.5116666666666667 0.09 0.10333333333333333
1 0.9316666666666666 0.505 0.08333333333333333 0.10333333333333333
1 0.795 0.7483333333333333 0.09666666666666666 0.10333333333333333
0 0.7166666666666667 0.9666666666666667 0.09333333333333334 0.06
1 0.505 0.97 0.09666666666666666 0.05333333333333334
1 0.2816666666666667 0.97 0.09666666666666666 0.05333333333333334
3 0.075 0.96 0.10333333333333333 0.06666666666666667
1 0.07333333333333333 0.028333333333333332 0.1 0.056666666666666664
1 0.2866666666666667 0.028333333333333332 0.1 0.05
1 0.505 0.03 0.10333333333333333 0.06
1 0.715 0.03 0.09666666666666666 0.06
1 0.9333333333333333 0.03 0.1 0.05333333333333334
