0 0.2783333333333333 0.27 0.10333333333333333 0.12
0 0.715 0.5033333333333333 0.11666666666666667 0.11333333333333333
0 0.93 0.505 0.09333333333333334 0.13666666666666666
0 0.5066666666666667 0.5083333333333333 0.10666666666666667 0.12333333333333334
0 0.28833333333333333 0.5016666666666667 0.10333333333333333 0.11666666666666667
0 0.07833333333333334 0.5033333333333333 0.10333333333333333 0.12666666666666668
5 0.275 0.7533333333333333 0.10333333333333333 0.12
0 0.725 0.04666666666666667 0.10333333333333333 0.09333333333333334
0 0.9366666666666666 0.041666666666666664 0.09333333333333334 0.08333333333333333
0 0.5083333333333333 0.05 0.11 0.1
1 0.2916666666666667 0.03666666666666667 0.09666666666666666 0.07333333333333333
1 0.07666666666666666 0.045 0.1 0.09
1 0.7683333333333333 0.2833333333333333 0.11666666666666667 0.11333333333333333
1 0.7683333333333333 0.7616666666666667 0.09666666666666666 0.10333333333333333
1 0.4866666666666667 0.9716666666666667 0.10666666666666667 0.05
0 0.2816666666666667 0.965 0.09 0.06333333333333334
5 0.07333333333333333 0.9716666666666667 0.11333333333333333 0.05
