0 0.5016666666666667 0.5083333333333333 0.09666666666666666 0.13
0 0.7166666666666667 0.5133333333333333 0.1 0.12
0 0.9283333333333333 0.525 0.09666666666666666 0.11
0 0.935 0.05333333333333334 0.09666666666666666 0.10666666666666667
0 0.725 0.04833333333333333 0.10333333333333333 0.09666666666666666
0 0.5066666666666667 0.055 0.1 0.11
0 0.2916666666666667 0.051666666666666666 0.10333333333333333 0.10333333333333333
0 0.06833333333333333 0.285 0.10333333333333333 0.12333333333333334
0 0.08166666666666667 0.5166666666666667 0.11666666666666667 0.12
0 0.2916666666666667 0.5183333333333333 0.11 0.12333333333333334
0 0.07 0.9716666666666667 0.08666666666666667 0.05
5 0.06166666666666667 0.7666666666666667 0.09666666666666666 0.10666666666666667
1 0.5533333333333333 0.7716666666666666 0.11333333333333333 0.11
1 0.5583333333333333 0.2833333333333333 0.10333333333333333 0.10666666666666667
0 0.08 0.04666666666666667 0.1 0.09333333333333334
