1 0.3466666666666667 0.2783333333333333 0.1 0.10333333333333333
1 0.8283333333333334 0.2733333333333333 0.12333333333333334 0.1
1 0.8266666666666667 0.7533333333333333 0.09333333333333334 0.10666666666666667
1 0.3416666666666667 0.75 0.09666666666666666 0.08666666666666667
1 0.18833333333333332 0.51 0.09666666666666666 0.10666666666666667
1 0.185 0.04 0.09 0.08
1 0.5 0.043333333333333335 0.1 0.08666666666666667
1 0.7133333333333334 0.04833333333333333 0.1 0.09666666666666666
1 0.9066666666666666 0.97 0.09333333333333334 0.05333333333333334
0 0.49833333333333335 0.5083333333333333 0.11666666666666667 0.12333333333333334
0 0.7083333333333334 0.5016666666666667 0.11666666666666667 0.13666666666666666
0 0.92 0.5083333333333333 0.1 0.11666666666666667
0 0.9233333333333333 0.041666666666666664 0.10666666666666667 0.08333333333333333
0 0.7033333333333334 0.9716666666666667 0.1 0.05
1 0.17333333333333334 0.97 0.09333333333333334 0.04666666666666667
