0 0.7133333333333334 0.515 0.11333333333333333 0.10333333333333333
0 0.92 0.5183333333333333 0.1 0.11
0 0.5 0.5233333333333333 0.10666666666666667 0.12
0 0.2833333333333333 0.5133333333333333 0.10666666666666667 0.11333333333333333
0 0.07 0.5033333333333333 0.1 0.12666666666666668
1 0.49 0.9633333333333334 0.11333333333333333 0.06
1 0.7 0.9633333333333334 0.1 0.06
1 0.9183333333333333 0.965 0.09666666666666666 0.06333333333333334
5 0.2733333333333333 0.97 0.1 0.04666666666666667
1 0.6716666666666666 0.7416666666666667 0.09 0.11666666666666667
5 0.19666666666666666 0.7433333333333333 0.11333333333333333 0.12
1 0.058333333333333334 0.9716666666666667 0.09 0.05
