1 0.2966666666666667 0.5133333333333333 0.09333333333333334 0.1
1 0.485 0.7616666666666667 0.09666666666666666 0.11666666666666667
1 0.2816666666666667 0.9716666666666667 0.10333333333333333 0.05
1 0.96 0.7633333333333333 0.07333333333333333 0.09333333333333334
1 0.9233333333333333 0.975 0.09333333333333334 0.043333333333333335
1 0.7083333333333334 0.97 0.10333333333333333 0.05333333333333334
1 0.08666666666666667 0.04 0.10666666666666667 0.07333333333333333
1 0.2916666666666667 0.043333333333333335 0.09 0.08
1 0.5083333333333333 0.043333333333333335 0.09666666666666666 0.08
1 0.935 0.041666666666666664 0.09666666666666666 0.08333333333333333
1 0.9616666666666667 0.26166666666666666 0.07 0.10333333333333333
1 0.02666666666666667 0.7616666666666667 0.05333333333333334 0.12333333333333334
1 0.025 0.25333333333333335 0.05 0.11333333333333333
1 0.49833333333333335 0.97 0.11 0.05333333333333334
0 0.49833333333333335 0.5066666666666667 0.11666666666666667 0.11333333333333333
0 0.7183333333333334 0.5 0.09666666666666666 0.12666666666666668
0 0.9333333333333333 0.5 0.1 0.12
0 0.49166666666666664 0.25666666666666665 0.09666666666666666 0.12
0 0.07666666666666666 0.49333333333333335 0.10666666666666667 0.12666666666666668
