0 0.29333333333333333 0.51 0.10666666666666667 0.11333333333333333
0 0.5066666666666667 0.49833333333333335 0.1 0.13
0 0.7216666666666667 0.505 0.11 0.11666666666666667
0 0.2783333333333333 0.255 0.10333333333333333 0.11666666666666667
0 0.5166666666666667 0.041666666666666664 0.11333333333333333 0.08333333333333333
1 0.2783333333333333 0.7666666666666667 0.09666666666666666 0.10666666666666667
1 0.77 0.765 0.10666666666666667 0.11
1 0.9333333333333333 0.5066666666666667 0.1 0.1
1 0.765 0.2633333333333333 0.09666666666666666 0.10666666666666667
1 0.9383333333333334 0.03833333333333333 0.09666666666666666 0.07666666666666666
1 0.7283333333333334 0.043333333333333335 0.10333333333333333 0.08666666666666667
1 0.305 0.045 0.11 0.09
1 0.085 0.043333333333333335 0.10333333333333333 0.08
1 0.08666666666666667 0.52 0.09333333333333334 0.09333333333333334
1 0.075 0.9666666666666667 0.09666666666666666 0.05333333333333334
1 0.49333333333333335 0.9683333333333334 0.10666666666666667 0.05
1 0.7083333333333334 0.9733333333333334 0.10333333333333333 0.04666666666666667
