0 0.72 0.51 0.10666666666666667 0.12666666666666668
0 0.5066666666666667 0.51 0.1 0.13333333333333333
0 0.49666666666666665 0.9733333333333334 0.09333333333333334 0.04666666666666667
0 0.7066666666666667 0.9783333333333334 0.09333333333333334 0.03666666666666667
0 0.07166666666666667 0.9666666666666667 0.10333333333333333 0.06
0 0.29333333333333333 0.035 0.1 0.07
0 0.5216666666666666 0.03833333333333333 0.12333333333333334 0.07
0 0.9333333333333333 0.035 0.1 0.07
0 0.9283333333333333 0.5066666666666667 0.10333333333333333 0.12666666666666668
0 0.08 0.505 0.10666666666666667 0.13
0 0.085 0.03333333333333333 0.10333333333333333 0.06666666666666667
1 0.7283333333333334 0.041666666666666664 0.09666666666666666 0.08333333333333333
1 0.255 0.275 0.10333333333333333 0.10333333333333333
5 0.7433333333333333 0.27166666666666667 0.12 0.11
1 0.29 0.515 0.09333333333333334 0.10333333333333333
