1 0.2916666666666667 0.49666666666666665 0.09666666666666666 0.10666666666666667
1 0.13333333333333333 0.27 0.08666666666666667 0.09333333333333334
1 0.08166666666666667 0.5116666666666667 0.09 0.09
1 0.08333333333333333 0.03 0.09333333333333334 0.06
1 0.305 0.03666666666666667 0.10333333333333333 0.07333333333333333
1 0.7266666666666667 0.03666666666666667 0.10666666666666667 0.07333333333333333
1 0.9383333333333334 0.03666666666666667 0.10333333333333333 0.07333333333333333
0 0.515 0.03333333333333333 0.11 0.06666666666666667
0 0.725 0.5 0.11 0.13333333333333333
0 0.9333333333333333 0.51 0.09333333333333334 0.12666666666666668
0 0.5116666666666667 0.5033333333333333 0.10333333333333333 0.12
0 0.7116666666666667 0.9733333333333334 0.11666666666666667 0.04666666666666667
0 0.9233333333333333 0.9633333333333334 0.09333333333333334 0.06
0 0.49333333333333335 0.97 0.10666666666666667 0.05333333333333334
0 0.28833333333333333 0.9666666666666667 0.10333333333333333 0.05333333333333334
0 0.07166666666666667 0.9683333333333334 0.09666666666666666 0.05
5 0.6216666666666667 0.25833333333333336 0.09666666666666666 0.12333333333333334
