0 0.505 0.5033333333333333 0.10333333333333333 0.12
0 0.935 0.5033333333333333 0.09666666666666666 0.12666666666666668
0 0.2966666666666667 0.515 0.11333333333333333 0.13
0 0.505 0.9633333333333334 0.11 0.06
0 0.28833333333333333 0.97 0.10333333333333333 0.04666666666666667
1 0.625 0.77 0.10333333333333333 0.11333333333333333
1 0.725 0.5083333333333333 0.11666666666666667 0.12333333333333334
0 0.73 0.03333333333333333 0.12 0.06666666666666667
0 0.9366666666666666 0.035 0.11333333333333333 0.07
0 0.52 0.03833333333333333 0.12666666666666668 0.07666666666666666
0 0.31 0.03666666666666667 0.11333333333333333 0.07333333333333333
