0 0.505 0.515 0.10333333333333333 0.11666666666666667
0 0.7116666666666667 0.515 0.10333333333333333 0.12333333333333334
0 0.285 0.9683333333333334 0.11666666666666667 0.056666666666666664
0 0.9216666666666666 0.9733333333333334 0.09 0.04666666666666667
0 0.7083333333333334 0.975 0.09666666666666666 0.043333333333333335
0 0.49333333333333335 0.97 0.1 0.04666666666666667
0 0.07166666666666667 0.9716666666666667 0.10333333333333333 0.05
0 0.29 0.5116666666666667 0.10666666666666667 0.11666666666666667
0 0.07833333333333334 0.5216666666666666 0.10333333333333333 0.11
0 0.09 0.03 0.1 0.06
1 0.30333333333333334 0.03833333333333333 0.11333333333333333 0.07666666666666666
1 0.5083333333333333 0.04 0.11 0.08
1 0.7266666666666667 0.035 0.10666666666666667 0.07
1 0.9366666666666666 0.03333333333333333 0.09333333333333334 0.06666666666666667
1 0.9316666666666666 0.525 0.09666666666666666 0.11
5 0.31666666666666665 0.775 0.1 0.11666666666666667
5 0.8083333333333333 0.7716666666666666 0.10333333333333333 0.10333333333333333
