1 0.6183333333333333 0.7666666666666667 0.09666666666666666 0.10666666666666667
1 0.12666666666666668 0.765 0.1 0.09666666666666666
1 0.30333333333333334 0.028333333333333332 0.1 0.056666666666666664
1 0.09333333333333334 0.035 0.10666666666666667 0.07
0 0.5116666666666667 0.045 0.11 0.08333333333333333
0 0.73 0.03333333333333333 0.1 0.06666666666666667
0 0.9333333333333333 0.515 0.1 0.12333333333333334
0 0.725 0.5183333333333333 0.10333333333333333 0.11666666666666667
0 0.9283333333333333 0.9683333333333334 0.10333333333333333 0.05
0 0.7183333333333334 0.9666666666666667 0.11 0.06
0 0.505 0.97 0.10333333333333333 0.05333333333333334
0 0.2916666666666667 0.975 0.10333333333333333 0.043333333333333335
0 0.5016666666666667 0.5116666666666667 0.09666666666666666 0.11666666666666667
0 0.2966666666666667 0.5083333333333333 0.12 0.11666666666666667
0 0.08 0.5083333333333333 0.10666666666666667 0.11
0 0.08 0.965 0.09333333333333334 0.06333333333333334
0 0.9433333333333334 0.04 0.10666666666666667 0.08
