0 0.29 0.52 0.1 0.11333333333333333
0 0.5033333333333333 0.5166666666666667 0.12666666666666668 0.12
0 0.83 0.52 0.11333333333333333 0.12666666666666668
0 0.305 0.04 0.11 0.08
0 0.08166666666666667 0.041666666666666664 0.10333333333333333 0.08333333333333333
0 0.5183333333333333 0.04666666666666667 0.12333333333333334 0.08666666666666667
1 0.8366666666666667 0.043333333333333335 0.09333333333333334 0.08666666666666667
0 0.07666666666666666 0.5166666666666667 0.09333333333333334 0.11333333333333333
0 0.2916666666666667 0.97 0.10333333333333333 0.05333333333333334
0 0.49666666666666665 0.9716666666666667 0.1 0.05
0 0.07166666666666667 0.9733333333333334 0.09 0.04666666666666667
1 0.6616666666666666 0.7666666666666667 0.10333333333333333 0.10666666666666667
1 0.17833333333333334 0.7766666666666666 0.10333333333333333 0.09333333333333334
