0 0.505 0.505 0.09666666666666666 0.11666666666666667
0 0.715 0.49833333333333335 0.11 0.11
0 0.925 0.505 0.10333333333333333 0.11666666666666667
0 0.925 0.9683333333333334 0.09666666666666666 0.056666666666666664
0 0.7083333333333334 0.03833333333333333 0.10333333333333333 0.07666666666666666
1 0.5316666666666666 0.2816666666666667 0.10333333333333333 0.11
1 0.2833333333333333 0.515 0.09333333333333334 0.09
1 0.5366666666666666 0.7583333333333333 0.11333333333333333 0.09666666666666666
1 0.045 0.7616666666666667 0.09 0.09
1 0.065 0.52 0.09 0.09333333333333334
1 0.043333333333333335 0.2833333333333333 0.08 0.1
1 0.275 0.04 0.09 0.08
1 0.49166666666666664 0.04 0.10333333333333333 0.08
1 0.07 0.04 0.11333333333333333 0.08
1 0.925 0.04 0.10333333333333333 0.08
1 0.2816666666666667 0.975 0.09666666666666666 0.03666666666666667
1 0.495 0.975 0.09 0.043333333333333335
1 0.715 0.9733333333333334 0.09666666666666666 0.04
5 0.06833333333333333 0.97 0.09 0.05333333333333334
