0 0.49333333333333335 0.5033333333333333 0.1 0.10666666666666667
0 0.715 0.505 0.11 0.12333333333333334
5 0.9333333333333333 0.5066666666666667 0.10666666666666667 0.10666666666666667
8 0.2816666666666667 0.035 0.11 0.07
1 0.28833333333333333 0.51 0.09666666666666666 0.1
1 0.4116666666666667 0.265 0.09 0.09666666666666666
1 0.49166666666666664 0.03333333333333333 0.08333333333333333 0.06
1 0.7133333333333334 0.03166666666666667 0.1 0.06333333333333334
1 0.93 0.03166666666666667 0.09333333333333334 0.06333333333333334
1 0.9 0.2683333333333333 0.09333333333333334 0.09666666666666666
1 0.9066666666666666 0.76 0.09333333333333334 0.09333333333333334
1 0.06333333333333334 0.03333333333333333 0.09333333333333334 0.06666666666666667
1 0.07 0.5083333333333333 0.09333333333333334 0.10333333333333333
1 0.415 0.76 0.09666666666666666 0.09333333333333334
1 0.93 0.9783333333333334 0.09333333333333334 0.03666666666666667
1 0.7083333333333334 0.98 0.08333333333333333 0.03333333333333333
1 0.06666666666666667 0.9783333333333334 0.07333333333333333 0.03666666666666667
