1 0.20166666666666666 0.2633333333333333 0.09 0.09333333333333334
0 0.5 0.5016666666666667 0.10666666666666667 0.11666666666666667
0 0.28833333333333333 0.51 0.12333333333333334 0.12666666666666668
1 0.6883333333333334 0.2633333333333333 0.09 0.08666666666666667
1 0.06833333333333333 0.5066666666666667 0.09666666666666666 0.08666666666666667
1 0.6916666666666667 0.76 0.09 0.1
1 0.9316666666666666 0.505 0.09 0.09666666666666666
1 0.28 0.03166666666666667 0.09333333333333334 0.06333333333333334
1 0.49833333333333335 0.03166666666666667 0.09666666666666666 0.06333333333333334
1 0.715 0.035 0.10333333333333333 0.06333333333333334
1 0.9283333333333333 0.035 0.09 0.06333333333333334
1 0.20333333333333334 0.76 0.1 0.1
5 0.7166666666666667 0.5 0.1 0.11333333333333333
8 0.06833333333333333 0.03333333333333333 0.10333333333333333 0.06666666666666667
