1 0.7233333333333334 0.5116666666666667 0.08666666666666667 0.09666666666666666
0 0.9366666666666666 0.505 0.09333333333333334 0.11
1 0.5816666666666667 0.275 0.09666666666666666 0.09
1 0.7233333333333334 0.03666666666666667 0.1 0.07333333333333333
1 0.9366666666666666 0.035 0.09333333333333334 0.07
1 0.51 0.03333333333333333 0.09333333333333334 0.06666666666666667
1 0.2866666666666667 0.035 0.1 0.07
1 0.07166666666666667 0.035 0.09666666666666666 0.07
1 0.5816666666666667 0.75 0.09666666666666666 0.09333333333333334
1 0.5116666666666667 0.9683333333333334 0.09666666666666666 0.056666666666666664
1 0.9433333333333334 0.9716666666666667 0.08666666666666667 0.05
1 0.7283333333333334 0.9716666666666667 0.09666666666666666 0.043333333333333335
1 0.2966666666666667 0.97 0.1 0.04666666666666667
1 0.09666666666666666 0.7566666666666667 0.09333333333333334 0.08666666666666667
1 0.29333333333333333 0.5183333333333333 0.09333333333333334 0.09
1 0.07833333333333334 0.5183333333333333 0.09 0.09
1 0.09 0.27666666666666667 0.09333333333333334 0.08666666666666667
1 0.08 0.9733333333333334 0.09333333333333334 0.04666666666666667
5 0.5116666666666667 0.5066666666666667 0.10333333333333333 0.10666666666666667
