1 0.4766666666666667 0.26666666666666666 0.08666666666666667 0.08666666666666667
1 0.715 0.5083333333333333 0.09 0.09
1 0.9283333333333333 0.5083333333333333 0.09 0.08333333333333333
1 0.96 0.26666666666666666 0.07333333333333333 0.09333333333333334
1 0.7116666666666667 0.028333333333333332 0.09666666666666666 0.056666666666666664
1 0.9216666666666666 0.03 0.09 0.06
1 0.285 0.03166666666666667 0.10333333333333333 0.06333333333333334
1 0.5 0.03166666666666667 0.1 0.06333333333333334
1 0.06333333333333334 0.03333333333333333 0.1 0.06666666666666667
1 0.07166666666666667 0.51 0.09666666666666666 0.09333333333333334
1 0.2816666666666667 0.5083333333333333 0.09 0.08333333333333333
1 0.4766666666666667 0.7466666666666667 0.09333333333333334 0.09333333333333334
1 0.5033333333333333 0.9633333333333334 0.1 0.06
1 0.96 0.745 0.07333333333333333 0.09
1 0.935 0.9666666666666667 0.09666666666666666 0.06
1 0.7233333333333334 0.965 0.1 0.056666666666666664
1 0.018333333333333333 0.7533333333333333 0.03666666666666667 0.09333333333333334
1 0.28833333333333333 0.97 0.09 0.05333333333333334
5 0.07 0.96 0.09333333333333334 0.07333333333333333
0 0.505 0.49666666666666665 0.11 0.11333333333333333
