1 0.2866666666666667 0.51 0.09333333333333334 0.09333333333333334
1 0.7183333333333334 0.5083333333333333 0.09 0.08333333333333333
1 0.93 0.51 0.08666666666666667 0.08666666666666667
1 0.8066666666666666 0.27166666666666667 0.09333333333333334 0.09
1 0.9333333333333333 0.035 0.09333333333333334 0.07
1 0.7166666666666667 0.03666666666666667 0.1 0.06666666666666667
1 0.49666666666666665 0.03833333333333333 0.1 0.07666666666666666
1 0.2783333333333333 0.035 0.09 0.06333333333333334
1 0.3233333333333333 0.2683333333333333 0.09333333333333334 0.09
1 0.07 0.04 0.10666666666666667 0.08
1 0.07166666666666667 0.5133333333333333 0.09666666666666666 0.08666666666666667
0 0.075 0.965 0.09 0.06333333333333334
1 0.2866666666666667 0.975 0.09333333333333334 0.043333333333333335
1 0.8083333333333333 0.755 0.09666666666666666 0.09666666666666666
1 0.9333333333333333 0.97 0.1 0.05333333333333334
1 0.7183333333333334 0.9716666666666667 0.09666666666666666 0.05
1 0.505 0.97 0.09666666666666666 0.05333333333333334
1 0.3233333333333333 0.7533333333333333 0.09333333333333334 0.09333333333333334
0 0.5016666666666667 0.505 0.11 0.11
