0 0.285 0.49833333333333335 0.10333333333333333 0.12333333333333334
0 0.5016666666666667 0.5016666666666667 0.09666666666666666 0.11666666666666667
1 0.7183333333333334 0.5083333333333333 0.10333333333333333 0.10333333333333333
1 0.9316666666666666 0.5066666666666667 0.09666666666666666 0.1
1 0.5733333333333334 0.7466666666666667 0.09333333333333334 0.08666666666666667
1 0.06833333333333333 0.5083333333333333 0.09 0.09
1 0.085 0.75 0.09666666666666666 0.08666666666666667
1 0.06833333333333333 0.9683333333333334 0.09666666666666666 0.05
1 0.2833333333333333 0.9683333333333334 0.09333333333333334 0.05
1 0.5016666666666667 0.9683333333333334 0.09666666666666666 0.056666666666666664
1 0.7166666666666667 0.9683333333333334 0.10666666666666667 0.056666666666666664
1 0.9283333333333333 0.9666666666666667 0.09666666666666666 0.06
