1 0.2816666666666667 0.515 0.09 0.09
1 0.5333333333333333 0.755 0.09333333333333334 0.09
1 0.72 0.97 0.10666666666666667 0.05333333333333334
1 0.9283333333333333 0.97 0.10333333333333333 0.05333333333333334
1 0.2866666666666667 0.9716666666666667 0.1 0.043333333333333335
1 0.5016666666666667 0.9716666666666667 0.11 0.05
1 0.041666666666666664 0.7583333333333333 0.07666666666666666 0.09666666666666666
1 0.06833333333333333 0.5183333333333333 0.09 0.09
1 0.06833333333333333 0.97 0.09666666666666666 0.05333333333333334
0 0.49666666666666665 0.505 0.1 0.12333333333333334
0 0.715 0.5066666666666667 0.09666666666666666 0.11333333333333333
0 0.9283333333333333 0.5066666666666667 0.10333333333333333 0.10666666666666667
