0 0.505 0.5033333333333333 0.10333333333333333 0.11333333333333333
5 0.5066666666666667 0.965 0.10666666666666667 0.05
1 0.9033333333333333 0.2683333333333333 0.1 0.09
1 0.4066666666666667 0.27166666666666667 0.09333333333333334 0.10333333333333333
1 0.715 0.5066666666666667 0.10333333333333333 0.10666666666666667
1 0.9383333333333334 0.5116666666666667 0.09666666666666666 0.10333333333333333
1 0.9033333333333333 0.7583333333333333 0.09333333333333334 0.09666666666666666
1 0.93 0.9733333333333334 0.09333333333333334 0.04666666666666667
1 0.07166666666666667 0.5083333333333333 0.09666666666666666 0.09666666666666666
1 0.285 0.5133333333333333 0.09666666666666666 0.1
1 0.4216666666666667 0.755 0.10333333333333333 0.09666666666666666
1 0.2866666666666667 0.97 0.10666666666666667 0.04666666666666667
1 0.72 0.9716666666666667 0.10666666666666667 0.05
1 0.06666666666666667 0.9766666666666667 0.1 0.04
1 0.07 0.041666666666666664 0.09333333333333334 0.07666666666666666
1 0.28833333333333333 0.04 0.10333333333333333 0.08
1 0.49666666666666665 0.03833333333333333 0.1 0.07666666666666666
1 0.7166666666666667 0.03833333333333333 0.12 0.07
1 0.9283333333333333 0.041666666666666664 0.10333333333333333 0.08333333333333333
