1 0.5733333333333334 0.265 0.1 0.09
1 0.7183333333333334 0.51 0.09666666666666666 0.1
1 0.9333333333333333 0.51 0.09333333333333334 0.10666666666666667
1 0.28833333333333333 0.5133333333333333 0.09666666666666666 0.08666666666666667
1 0.5733333333333334 0.7616666666666667 0.09333333333333334 0.09
1 0.07 0.51 0.09333333333333334 0.09333333333333334
1 0.085 0.7616666666666667 0.09666666666666666 0.09666666666666666
1 0.08166666666666667 0.2683333333333333 0.09666666666666666 0.09666666666666666
1 0.06166666666666667 0.03666666666666667 0.09666666666666666 0.07333333333333333
1 0.2866666666666667 0.03666666666666667 0.1 0.07333333333333333
1 0.5016666666666667 0.03666666666666667 0.10333333333333333 0.07333333333333333
1 0.7183333333333334 0.03333333333333333 0.10333333333333333 0.06666666666666667
1 0.93 0.035 0.1 0.07
0 0.5033333333333333 0.5066666666666667 0.10666666666666667 0.11333333333333333
1 0.9366666666666666 0.9783333333333334 0.09333333333333334 0.03666666666666667
1 0.7216666666666667 0.9783333333333334 0.09666666666666666 0.03666666666666667
1 0.5016666666666667 0.9766666666666667 0.09 0.04
1 0.28833333333333333 0.98 0.09666666666666666 0.03333333333333333
1 0.07 0.98 0.09333333333333334 0.03333333333333333
