0 0.285 0.5066666666666667 0.10333333333333333 0.12666666666666668
0 0.505 0.5 0.09 0.11333333333333333
0 0.07333333333333333 0.9566666666666667 0.1 0.07333333333333333
0 0.2816666666666667 0.03333333333333333 0.11 0.06666666666666667
1 0.17833333333333334 0.265 0.09666666666666666 0.10333333333333333
1 0.665 0.27 0.09666666666666666 0.1
1 0.7183333333333334 0.51 0.09 0.1
1 0.9383333333333334 0.5066666666666667 0.09666666666666666 0.1
1 0.6733333333333333 0.7483333333333333 0.1 0.09666666666666666
1 0.18333333333333332 0.75 0.09333333333333334 0.08666666666666667
1 0.07666666666666666 0.5066666666666667 0.09333333333333334 0.1
1 0.07 0.035 0.1 0.07
1 0.49666666666666665 0.03166666666666667 0.10666666666666667 0.06333333333333334
1 0.7166666666666667 0.035 0.10666666666666667 0.07
1 0.9316666666666666 0.03333333333333333 0.10333333333333333 0.06666666666666667
1 0.505 0.97 0.09666666666666666 0.05333333333333334
1 0.7216666666666667 0.9716666666666667 0.09666666666666666 0.05
1 0.9366666666666666 0.9666666666666667 0.1 0.05333333333333334
1 0.2916666666666667 0.97 0.09666666666666666 0.05333333333333334
