1 0.3383333333333333 0.2683333333333333 0.09 0.09666666666666666
1 0.8266666666666667 0.2683333333333333 0.10666666666666667 0.10333333333333333
1 0.9316666666666666 0.51 0.09666666666666666 0.1
1 0.8316666666666667 0.755 0.10333333333333333 0.09666666666666666
1 0.72 0.9666666666666667 0.1 0.05333333333333334
1 0.935 0.9683333333333334 0.09666666666666666 0.056666666666666664
1 0.5033333333333333 0.97 0.08666666666666667 0.05333333333333334
1 0.195 0.9683333333333334 0.10333333333333333 0.05
1 0.3416666666666667 0.75 0.10333333333333333 0.09333333333333334
1 0.18833333333333332 0.51 0.09666666666666666 0.08666666666666667
1 0.7183333333333334 0.51 0.10333333333333333 0.1
0 0.505 0.5016666666666667 0.09666666666666666 0.10333333333333333
1 0.18666666666666668 0.035 0.10666666666666667 0.07
1 0.5016666666666667 0.03166666666666667 0.10333333333333333 0.06333333333333334
1 0.7183333333333334 0.03333333333333333 0.10333333333333333 0.06666666666666667
1 0.9316666666666666 0.035 0.09666666666666666 0.07
