1 0.57 0.27 0.1 0.1
1 0.72 0.5083333333333333 0.09333333333333334 0.10333333333333333
1 0.935 0.505 0.10333333333333333 0.10333333333333333
1 0.5783333333333334 0.755 0.10333333333333333 0.09666666666666666
1 0.28 0.5133333333333333 0.09333333333333334 0.1
1 0.07333333333333333 0.5116666666666667 0.1 0.10333333333333333
1 0.08333333333333333 0.2733333333333333 0.09333333333333334 0.08666666666666667
1 0.07 0.04 0.09333333333333334 0.08
1 0.2866666666666667 0.041666666666666664 0.10666666666666667 0.08333333333333333
1 0.495 0.03666666666666667 0.09666666666666666 0.07333333333333333
1 0.72 0.03666666666666667 0.1 0.07333333333333333
1 0.9316666666666666 0.03666666666666667 0.10333333333333333 0.07333333333333333
1 0.085 0.7583333333333333 0.09666666666666666 0.09666666666666666
1 0.07333333333333333 0.9766666666666667 0.09333333333333334 0.04
1 0.5083333333333333 0.9733333333333334 0.11 0.04666666666666667
1 0.7133333333333334 0.9733333333333334 0.09333333333333334 0.04666666666666667
1 0.9316666666666666 0.9733333333333334 0.09 0.04
1 0.2866666666666667 0.975 0.1 0.043333333333333335
5 0.5033333333333333 0.49666666666666665 0.10666666666666667 0.11333333333333333
