5 0.505 0.49833333333333335 0.10333333333333333 0.11
1 0.8183333333333334 0.505 0.10333333333333333 0.09
1 0.6533333333333333 0.755 0.09333333333333334 0.10333333333333333
1 0.65 0.265 0.09333333333333334 0.08333333333333333
1 0.8183333333333334 0.03333333333333333 0.11 0.06666666666666667
1 0.49833333333333335 0.03666666666666667 0.10333333333333333 0.07333333333333333
1 0.285 0.03666666666666667 0.09666666666666666 0.07333333333333333
1 0.155 0.2683333333333333 0.09666666666666666 0.09
1 0.06833333333333333 0.505 0.09 0.09666666666666666
1 0.2866666666666667 0.505 0.10666666666666667 0.11
6 0.8283333333333334 0.265 0.08333333333333333 0.35
6 0.8066666666666666 0.6233333333333333 0.04 0.12666666666666668
6 0.6166666666666667 0.125 0.04 0.15
1 0.06833333333333333 0.03833333333333333 0.10333333333333333 0.07666666666666666
1 0.15833333333333333 0.7533333333333333 0.09666666666666666 0.09333333333333334
1 0.285 0.9683333333333334 0.09666666666666666 0.05
1 0.8166666666666667 0.9733333333333334 0.09333333333333334 0.04666666666666667
1 0.505 0.9716666666666667 0.11 0.05
1 0.07333333333333333 0.9716666666666667 0.1 0.043333333333333335
