1 0.7166666666666667 0.5066666666666667 0.09333333333333334 0.09333333333333334
1 0.535 0.26166666666666666 0.09 0.09
1 0.5 0.03666666666666667 0.09333333333333334 0.07333333333333333
1 0.04666666666666667 0.27 0.09333333333333334 0.10666666666666667
1 0.06833333333333333 0.515 0.08333333333333333 0.09666666666666666
1 0.043333333333333335 0.7533333333333333 0.08 0.09333333333333334
1 0.07333333333333333 0.9733333333333334 0.1 0.04666666666666667
1 0.2966666666666667 0.9716666666666667 0.1 0.05
1 0.725 0.9716666666666667 0.08333333333333333 0.043333333333333335
1 0.9366666666666666 0.9716666666666667 0.10666666666666667 0.05
1 0.49666666666666665 0.97 0.11333333333333333 0.05333333333333334
1 0.54 0.7483333333333333 0.1 0.10333333333333333
0 0.5016666666666667 0.49833333333333335 0.09 0.12333333333333334
0 0.935 0.495 0.09 0.12333333333333334
0 0.2866666666666667 0.5016666666666667 0.11333333333333333 0.11666666666666667
0 0.07 0.041666666666666664 0.10666666666666667 0.08333333333333333
0 0.285 0.03833333333333333 0.11 0.07666666666666666
8 0.7183333333333334 0.04 0.12333333333333334 0.08
8 0.9366666666666666 0.03666666666666667 0.11333333333333333 0.07333333333333333
