8 0.9233333333333333 0.5166666666666667 0.11333333333333333 0.12
0 0.505 0.5166666666666667 0.13 0.11333333333333333
1 0.335 0.2833333333333333 0.09666666666666666 0.09333333333333334
1 0.7133333333333334 0.525 0.1 0.09
1 0.185 0.525 0.09 0.09
1 0.185 0.04 0.11 0.08
1 0.5016666666666667 0.04 0.10333333333333333 0.08
1 0.71 0.04 0.1 0.08
1 0.9316666666666666 0.041666666666666664 0.10333333333333333 0.08333333333333333
1 0.8233333333333334 0.2783333333333333 0.09333333333333334 0.10333333333333333
