1 0.8016666666666666 0.26166666666666666 0.10333333333333333 0.09
1 0.31333333333333335 0.27 0.10666666666666667 0.09333333333333334
1 0.32 0.745 0.08666666666666667 0.10333333333333333
1 0.8133333333333334 0.7466666666666667 0.08666666666666667 0.08666666666666667
8 0.065 0.03666666666666667 0.10333333333333333 0.07333333333333333
8 0.49833333333333335 0.03166666666666667 0.10333333333333333 0.06333333333333334
8 0.715 0.035 0.11 0.06333333333333334
8 0.93 0.9616666666666667 0.10666666666666667 0.07
8 0.51 0.9616666666666667 0.11333333333333333 0.06333333333333334
8 0.2866666666666667 0.9633333333333334 0.1 0.06
0 0.72 0.9633333333333334 0.10666666666666667 0.06666666666666667
0 0.93 0.49833333333333335 0.10666666666666667 0.11
0 0.7216666666666667 0.505 0.11666666666666667 0.11666666666666667
0 0.5033333333333333 0.505 0.11333333333333333 0.11666666666666667
0 0.285 0.5033333333333333 0.09666666666666666 0.1
0 0.07166666666666667 0.49833333333333335 0.10333333333333333 0.11666666666666667
