8 0.28 0.03333333333333333 0.1 0.06666666666666667
8 0.7116666666666667 0.03666666666666667 0.10333333333333333 0.07333333333333333
8 0.9266666666666666 0.03666666666666667 0.1 0.07333333333333333
8 0.49833333333333335 0.97 0.10333333333333333 0.06
8 0.7166666666666667 0.9716666666666667 0.1 0.056666666666666664
0 0.935 0.9633333333333334 0.11 0.06666666666666667
0 0.9283333333333333 0.5066666666666667 0.09 0.1
0 0.715 0.5116666666666667 0.11666666666666667 0.11666666666666667
0 0.49833333333333335 0.5016666666666667 0.09 0.10333333333333333
0 0.285 0.51 0.13666666666666666 0.11333333333333333
0 0.06166666666666667 0.5016666666666667 0.09 0.11
0 0.06666666666666667 0.9683333333333334 0.1 0.056666666666666664
0 0.5016666666666667 0.03666666666666667 0.11 0.07333333333333333
1 0.5333333333333333 0.2633333333333333 0.10666666666666667 0.1
1 0.065 0.03666666666666667 0.09 0.07333333333333333
1 0.04666666666666667 0.2683333333333333 0.08 0.10333333333333333
1 0.04833333333333333 0.7566666666666667 0.09 0.10666666666666667
1 0.5366666666666666 0.75 0.11333333333333333 0.1
