0 0.06 0.04666666666666667 0.09333333333333334 0.08666666666666667
0 0.2783333333333333 0.045 0.10333333333333333 0.08333333333333333
0 0.495 0.04833333333333333 0.09 0.09666666666666666
0 0.925 0.043333333333333335 0.11 0.08666666666666667
0 0.715 0.045 0.10333333333333333 0.09
0 0.7116666666666667 0.5216666666666666 0.09666666666666666 0.11666666666666667
8 0.9283333333333333 0.5183333333333333 0.09 0.10333333333333333
8 0.49333333333333335 0.5233333333333333 0.1 0.10666666666666667
8 0.285 0.5233333333333333 0.11 0.10666666666666667
1 0.31 0.285 0.09333333333333334 0.09666666666666666
1 0.8 0.285 0.08666666666666667 0.09666666666666666
