1 0.29 0.5133333333333333 0.08666666666666667 0.09333333333333334
1 0.06666666666666667 0.5133333333333333 0.08666666666666667 0.08666666666666667
1 0.1 0.7633333333333333 0.1 0.09333333333333334
1 0.5966666666666667 0.765 0.10666666666666667 0.09
1 0.9316666666666666 0.5116666666666667 0.09666666666666666 0.09
1 0.715 0.9783333333333334 0.08333333333333333 0.03666666666666667
1 0.9366666666666666 0.9783333333333334 0.09333333333333334 0.03666666666666667
1 0.3616666666666667 0.03 0.10333333333333333 0.06
0 0.505 0.5033333333333333 0.11666666666666667 0.12
0 0.7216666666666667 0.5 0.10333333333333333 0.12666666666666668
