0 0.5016666666666667 0.505 0.09666666666666666 0.13
6 0.585 0.49666666666666665 0.03666666666666667 0.44
6 0.4766666666666667 0.87 0.05333333333333334 0.16
6 0.36333333333333334 0.715 0.09333333333333334 0.27666666666666667
5 0.645 0.7533333333333333 0.07666666666666666 0.09333333333333334
5 0.725 0.5116666666666667 0.09666666666666666 0.09666666666666666
5 0.9366666666666666 0.525 0.1 0.09666666666666666
5 0.65 0.27666666666666667 0.08666666666666667 0.1
5 0.07166666666666667 0.505 0.09666666666666666 0.11
5 0.2866666666666667 0.9683333333333334 0.1 0.056666666666666664
5 0.49666666666666665 0.9766666666666667 0.08666666666666667 0.04
5 0.71 0.97 0.1 0.05333333333333334
5 0.9316666666666666 0.9733333333333334 0.09 0.04666666666666667
5 0.07 0.9666666666666667 0.1 0.05333333333333334
5 0.15666666666666668 0.755 0.1 0.11
1 0.2833333333333333 0.5066666666666667 0.1 0.12
1 0.08333333333333333 0.03833333333333333 0.10666666666666667 0.07666666666666666
1 0.29833333333333334 0.04 0.09666666666666666 0.08
1 0.5016666666666667 0.04 0.11 0.08
1 0.7283333333333334 0.041666666666666664 0.10333333333333333 0.08333333333333333
1 0.935 0.04 0.10333333333333333 0.08
5 0.16166666666666665 0.2733333333333333 0.11 0.10666666666666667
