0 0.2816666666666667 0.5166666666666667 0.09666666666666666 0.11333333333333333
0 0.5066666666666667 0.52 0.12 0.11333333333333333
0 0.7166666666666667 0.9683333333333334 0.1 0.056666666666666664
0 0.5066666666666667 0.9733333333333334 0.1 0.04666666666666667
0 0.07833333333333334 0.9733333333333334 0.11 0.04666666666666667
1 0.07333333333333333 0.52 0.08666666666666667 0.10666666666666667
1 0.7133333333333334 0.5183333333333333 0.1 0.10333333333333333
1 0.9233333333333333 0.525 0.1 0.11666666666666667
1 0.7616666666666667 0.7716666666666666 0.10333333333333333 0.11666666666666667
1 0.2783333333333333 0.7683333333333333 0.09666666666666666 0.10333333333333333
