5 0.27166666666666667 0.525 0.10333333333333333 0.11
1 0.5983333333333334 0.28 0.09666666666666666 0.10666666666666667
5 0.7083333333333334 0.5283333333333333 0.09 0.10333333333333333
5 0.9166666666666666 0.53 0.1 0.11333333333333333
1 0.5966666666666667 0.7816666666666666 0.10666666666666667 0.09666666666666666
5 0.11333333333333333 0.7666666666666667 0.1 0.10666666666666667
5 0.06666666666666667 0.5216666666666666 0.1 0.12333333333333334
5 0.11333333333333333 0.2733333333333333 0.1 0.10666666666666667
1 0.29333333333333333 0.035 0.12 0.06333333333333334
1 0.5066666666666667 0.03666666666666667 0.10666666666666667 0.07333333333333333
1 0.7183333333333334 0.041666666666666664 0.11 0.08333333333333333
1 0.9283333333333333 0.03833333333333333 0.09666666666666666 0.07
1 0.07166666666666667 0.035 0.09666666666666666 0.07
5 0.49833333333333335 0.975 0.11 0.05
5 0.7033333333333334 0.9716666666666667 0.1 0.05
