0 0.5033333333333333 0.5033333333333333 0.09333333333333334 0.12
5 0.41 0.25333333333333335 0.10666666666666667 0.12
5 0.29333333333333333 0.5116666666666667 0.10666666666666667 0.13666666666666666
5 0.8783333333333333 0.25833333333333336 0.09 0.11666666666666667
1 0.7133333333333334 0.505 0.10666666666666667 0.13
1 0.8783333333333333 0.7666666666666667 0.09 0.11333333333333333
5 0.4033333333333333 0.7566666666666667 0.10666666666666667 0.11333333333333333
5 0.2816666666666667 0.9666666666666667 0.10333333333333333 0.06
1 0.075 0.5033333333333333 0.09 0.11333333333333333
1 0.08 0.03166666666666667 0.11333333333333333 0.056666666666666664
1 0.29833333333333334 0.035 0.10333333333333333 0.06333333333333334
1 0.505 0.03666666666666667 0.11 0.07333333333333333
1 0.7216666666666667 0.035 0.10333333333333333 0.07
5 0.5 0.9716666666666667 0.09333333333333334 0.043333333333333335
