5 0.43 0.2733333333333333 0.09333333333333334 0.1
5 0.2783333333333333 0.5183333333333333 0.10333333333333333 0.11666666666666667
5 0.7033333333333334 0.525 0.1 0.11666666666666667
5 0.9116666666666666 0.2733333333333333 0.08333333333333333 0.09333333333333334
5 0.92 0.5216666666666666 0.09333333333333334 0.10333333333333333
5 0.4216666666666667 0.7666666666666667 0.09 0.10666666666666667
5 0.6866666666666666 0.9766666666666667 0.09333333333333334 0.04
5 0.91 0.975 0.08666666666666667 0.043333333333333335
0 0.49833333333333335 0.5166666666666667 0.10333333333333333 0.1
1 0.07166666666666667 0.04 0.10333333333333333 0.08
1 0.28833333333333333 0.03666666666666667 0.09666666666666666 0.07333333333333333
1 0.49666666666666665 0.035 0.09333333333333334 0.07
1 0.7016666666666667 0.041666666666666664 0.09666666666666666 0.08333333333333333
1 0.92 0.03833333333333333 0.10666666666666667 0.07666666666666666
1 0.06 0.5283333333333333 0.09333333333333334 0.10333333333333333
1 0.9 0.77 0.10666666666666667 0.1
6 0.8 0.6333333333333333 0.05333333333333334 0.7266666666666667
6 0.5233333333333333 0.68 0.05333333333333334 0.2
5 0.49166666666666664 0.9783333333333334 0.09666666666666666 0.03666666666666667
5 0.2733333333333333 0.9766666666666667 0.09333333333333334 0.04
1 0.06 0.975 0.1 0.043333333333333335
