1 0.6333333333333333 0.7716666666666666 0.1 0.11666666666666667
1 0.6416666666666667 0.2783333333333333 0.10333333333333333 0.11
5 0.9233333333333333 0.975 0.08666666666666667 0.043333333333333335
0 0.495 0.9683333333333334 0.09666666666666666 0.05
0 0.7116666666666667 0.9683333333333334 0.11666666666666667 0.05
0 0.9333333333333333 0.51 0.10666666666666667 0.11333333333333333
0 0.7166666666666667 0.515 0.10666666666666667 0.11666666666666667
0 0.505 0.515 0.10333333333333333 0.11666666666666667
0 0.28833333333333333 0.5183333333333333 0.10333333333333333 0.11666666666666667
0 0.51 0.05 0.10666666666666667 0.09333333333333334
0 0.7233333333333334 0.04833333333333333 0.1 0.09666666666666666
0 0.945 0.05333333333333334 0.09666666666666666 0.10666666666666667
0 0.30333333333333334 0.051666666666666666 0.13333333333333333 0.09
5 0.28 0.9733333333333334 0.09333333333333334 0.04
