5 0.37166666666666665 0.25833333333333336 0.09666666666666666 0.10333333333333333
5 0.8616666666666667 0.26666666666666666 0.11 0.12
5 0.9283333333333333 0.505 0.09666666666666666 0.11
5 0.7233333333333334 0.49666666666666665 0.08666666666666667 0.12666666666666668
5 0.37666666666666665 0.7583333333333333 0.1 0.10333333333333333
0 0.07333333333333333 0.97 0.09333333333333334 0.05333333333333334
0 0.08 0.5016666666666667 0.10666666666666667 0.11666666666666667
0 0.2916666666666667 0.5033333333333333 0.09666666666666666 0.11333333333333333
0 0.5016666666666667 0.49666666666666665 0.09666666666666666 0.12
0 0.31 0.03333333333333333 0.10666666666666667 0.06666666666666667
0 0.5166666666666667 0.03666666666666667 0.1 0.06666666666666667
0 0.7283333333333334 0.04 0.09666666666666666 0.08
0 0.9483333333333334 0.03333333333333333 0.09666666666666666 0.06666666666666667
1 0.09 0.03333333333333333 0.10666666666666667 0.06666666666666667
1 0.86 0.765 0.10666666666666667 0.10333333333333333
0 0.49666666666666665 0.975 0.1 0.043333333333333335
0 0.2866666666666667 0.9733333333333334 0.09333333333333334 0.04666666666666667
0 0.7116666666666667 0.9766666666666667 0.09 0.04
5 0.92 0.9716666666666667 0.09333333333333334 0.043333333333333335
