5 0.07 0.5166666666666667 0.09333333333333334 0.12
5 0.2816666666666667 0.5266666666666666 0.09666666666666666 0.12
5 0.04833333333333333 0.27666666666666667 0.08333333333333333 0.11333333333333333
5 0.041666666666666664 0.77 0.08333333333333333 0.11333333333333333
0 0.06666666666666667 0.9733333333333334 0.1 0.04666666666666667
0 0.49833333333333335 0.52 0.09 0.12
0 0.72 0.5183333333333333 0.1 0.12333333333333334
0 0.9333333333333333 0.5183333333333333 0.1 0.11666666666666667
0 0.92 0.975 0.09333333333333334 0.043333333333333335
0 0.7133333333333334 0.9766666666666667 0.09333333333333334 0.04
0 0.49333333333333335 0.9716666666666667 0.10666666666666667 0.05
1 0.5183333333333333 0.7716666666666666 0.10333333333333333 0.10333333333333333
1 0.5183333333333333 0.27166666666666667 0.10333333333333333 0.10333333333333333
0 0.7183333333333334 0.035 0.10333333333333333 0.07
0 0.93 0.03833333333333333 0.09333333333333334 0.07666666666666666
0 0.5083333333333333 0.03833333333333333 0.10333333333333333 0.07666666666666666
1 0.285 0.035 0.09666666666666666 0.07
1 0.075 0.035 0.10333333333333333 0.07
5 0.28 0.9733333333333334 0.1 0.04666666666666667
